601.4331043516796 745.4906977151911
526.1690731062588 638.8454138430299
512.2433289667573 592.8967214833559
512.2433289667573 575.6861779044358
440.59949080114075 514.8757783790078
440.59949080114075 481.63536270989295
440.5994908011404 466.171565101607
389.57986874699805 440.3480732333765
389.57986874699805 426.09755877088514
389.57986874699805 431.492038923414
389.57986874699805 407.288204114558
368.0426781050836 399.10027688072444
368.0426781050836 398.4585413778224
363.4997139572871 386.78345589561195
339.92230670223506 402.008345585286
339.92230670223506 376.3720742125096
339.92230670223506 373.905052496776
339.92230670223506 365.5967902889751
339.9223067022346 349.8955882330412
339.92230670223444 347.8142095343613
