4431654.576101452 2.275468330413503E7
2325928.5625018794 8191957.357811344
2325928.5625018794 4966824.848659226
2252435.42637324 3691361.1294999598
1540147.7641129573 2981950.5025473163
1540147.7641129573 2157550.414521137
1540147.7641129573 1790016.102187025
1389835.699509775 1556091.9398305395
1310413.7797477364 1476007.7702833235
1300558.257553686 1393942.797803304
1300558.257553686 1325371.54776226
1300558.257553686 1316760.4056439942
1300558.257553686 1310214.010284226
1300558.257553686 1308149.236514491
1300558.257553686 1306922.020539934
1300558.257553686 1303885.4578087847
1298228.6250418422 1302047.3586486012
1297165.4991980975 1300659.6642245448
1297123.8845705704 1298825.9627107503
1296345.9701724101 1297957.4005564607
