-4432654.576101452 -2.275568330413503E7
-2326928.5625018794 -8192957.357811344
-2326928.5625018794 -4967824.848659226
-2253435.42637324 -3692361.1294999598
-1541147.7641129573 -2982950.5025473163
-1541147.7641129573 -2158550.414521137
-1541147.7641129573 -1791016.102187025
-1390835.699509775 -1557091.9398305395
-1311413.7797477364 -1477007.7702833235
-1301558.257553686 -1394942.797803304
-1301558.257553686 -1326371.54776226
-1301558.257553686 -1317760.4056439942
-1301558.257553686 -1311214.010284226
-1301558.257553686 -1309149.236514491
-1301558.257553686 -1307922.020539934
-1301558.257553686 -1304885.4578087847
-1299228.6250418422 -1303047.3586486012
-1298165.4991980975 -1301659.6642245448
-1298123.8845705704 -1299825.9627107503
-1297345.9701724101 -1298957.4005564607
