2.8738167179097724E8 6.690310542703573E8
1.981160927186616E8 2.9554050313977283E8
1.7920518729043472E8 2.2256226611741263E8
1.6227487622465613E8 1.903820147359889E8
1.6129128526647756E8 1.717379222381358E8
1.59704163492817E8 1.6346360156237566E8
1.5456730011991748E8 1.6067750942306745E8
1.5406494996824312E8 1.5781061337378407E8
1.5280347087230316E8 1.5500949251465565E8
1.524865223803313E8 1.538015043476559E8
1.4894158141559997E8 1.5278167710782397E8
1.4847349960884443E8 1.5111590299375805E8
1.4841585980167073E8 1.4963422949707368E8
1.4841585980167073E8 1.490114007266937E8
1.4831120678049198E8 1.48689196655787E8
1.4770241976734737E8 1.4842628886589953E8
1.4770241976734737E8 1.4828265180499402E8
1.476775428792652E8 1.4796284174744788E8
1.474056045246132E8 1.4769638828936777E8
1.474056045246132E8 1.4761429883395502E8
