-2.8738267179097724E8 -6.690320542703573E8
-1.981170927186616E8 -2.9554150313977283E8
-1.7920618729043472E8 -2.2256326611741263E8
-1.6227587622465613E8 -1.903830147359889E8
-1.6129228526647756E8 -1.717389222381358E8
-1.59705163492817E8 -1.6346460156237566E8
-1.5456830011991748E8 -1.6067850942306745E8
-1.5406594996824312E8 -1.5781161337378407E8
-1.5280447087230316E8 -1.5501049251465565E8
-1.524875223803313E8 -1.538025043476559E8
-1.4894258141559997E8 -1.5278267710782397E8
-1.4847449960884443E8 -1.5111690299375805E8
-1.4841685980167073E8 -1.4963522949707368E8
-1.4841685980167073E8 -1.490124007266937E8
-1.4831220678049198E8 -1.48690196655787E8
-1.4770341976734737E8 -1.4842728886589953E8
-1.4770341976734737E8 -1.4828365180499402E8
-1.476785428792652E8 -1.4796384174744788E8
-1.474066045246132E8 -1.4769738828936777E8
-1.474066045246132E8 -1.4761529883395502E8
