103327.85362908983 225567.21126691866
42779.39540664507 110812.3729793705
35033.43989209938 62615.70360048132
15915.835871695474 43273.65842535484
11929.591672503928 27354.602910032587
11929.591672503928 17329.118749006317
9332.107769337905 13150.75620111809
8684.198604734285 11403.250500460248
8684.198604734285 10193.036456160558
8217.978750581737 9155.694920826963
7996.268359069841 8508.22051549896
7996.268359069841 8280.235970925109
7950.80756983372 8114.2994111172275
7910.2990526833455 8034.67218746662
7910.2990526833455 7985.225765522727
7866.482261066975 7946.547152142224
7866.482261066975 7911.325024869734
7730.052944041052 7879.831270583484
7701.142600399946 7852.061517710779
7701.142600399946 7796.312789527687
