-103238.83362908983 -225478.19126691867
-42690.37540664507 -110723.35297937054
-34944.41989209938 -62526.6836004813
-15826.815871695473 -43184.638425354846
-11840.571672503927 -27265.582910032594
-11840.571672503927 -17240.09874900632
-9243.087769337904 -13061.736201118089
-8595.178604734285 -11314.230500460251
-8595.178604734285 -10104.016456160554
-8128.958750581736 -9066.674920826965
-7907.24835906984 -8419.200515498957
-7907.24835906984 -8191.215970925111
-7861.787569833719 -8025.279411117229
-7821.279052683345 -7945.6521874666205
-7821.279052683345 -7896.20576552273
-7777.462261066975 -7857.527152142226
-7777.462261066975 -7822.305024869729
-7641.032944041051 -7790.811270583484
-7612.122600399945 -7763.041517710779
-7612.122600399945 -7707.292789527686
