16.0 12.64
16.0 12.94
16.0 13.12
16.0 13.5
19.0 13.98
19.0 13.9
20.0 14.42
20.0 15.34
20.0 15.48
21.0 15.78
21.0 16.16
21.0 16.82
20.0 17.08
19.0 17.36
21.0 17.64
19.0 17.66
17.0 17.5
18.0 17.34
17.0 17.1
20.0 17.4
20.0 17.62
20.0 17.78
20.0 17.54
22.0 18.06
22.0 18.04
21.0 17.96
21.0 18.06
20.0 17.92
20.0 18.54
20.0 18.76
21.0 18.9
21.0 19.1
21.0 19.2
21.0 19.4
21.0 19.42
21.0 19.44
21.0 19.48
21.0 19.36
21.0 19.26
21.0 19.38
21.0 19.4
21.0 19.3
21.0 19.34
21.0 19.3
21.0 19.12
21.0 19.18
21.0 19.0
21.0 19.22
21.0 19.38
21.0 19.58
