33.0 25.26
33.0 25.92
34.0 27.04
34.0 27.98
35.0 29.28
37.0 29.06
39.0 30.02
39.0 31.36
39.0 31.74
40.0 32.22
40.0 32.8
40.0 33.74
39.0 33.48
40.0 34.02
40.0 34.3
38.0 34.18
38.0 33.8
39.0 33.4
38.0 33.36
39.0 33.48
39.0 33.88
39.0 33.94
39.0 33.46
43.0 34.78
43.0 34.9
40.0 34.72
40.0 34.98
39.0 34.92
39.0 35.56
39.0 35.94
40.0 36.14
40.0 36.42
40.0 36.52
40.0 36.56
40.0 36.6
40.0 36.44
40.0 36.48
40.0 36.34
40.0 36.26
40.0 36.56
40.0 36.7
40.0 36.62
40.0 36.62
40.0 36.46
40.0 36.24
40.0 36.42
40.0 36.12
40.0 36.46
40.0 36.66
40.0 36.86
