-5980.639115172421 -11128.245510145236
-4139.556233043349 -7264.8872273813695
-3708.146470614969 -5023.281068346974
-3451.9417426013106 -4027.529736017127
-3390.0015911864343 -3672.705261134076
-3342.5430829581233 -3497.766010017904
-3284.423003961485 -3352.5084962080023
-3226.625004313827 -3310.515627103073
-3215.348445635236 -3289.722663024749
-3196.5881047866087 -3271.4096837436127
-3194.165769599769 -3237.214776950609
-3173.451073673001 -3208.107610009055
-3170.545718511002 -3197.0485319559084
-3170.545718511002 -3183.1440070787453
-3169.6534269718622 -3173.5309697752446
-3164.0616459892076 -3170.002012772804
-3157.6707117190563 -3165.959240204344
-3157.175921859929 -3161.673256130706
-3157.175921859929 -3158.7056395896757
-3156.8110655989217 -3157.5626843031223
