4980.639115172421 10128.245510145236
3139.5562330433486 6264.887227381368
2708.146470614969 4023.2810683469743
2451.9417426013106 3027.5297360171257
2390.0015911864343 2672.705261134075
2342.5430829581233 2497.7660100179055
2284.423003961485 2352.5084962080027
2226.625004313827 2310.5156271030737
2215.348445635236 2289.7226630247483
2196.5881047866087 2271.4096837436114
2194.165769599769 2237.2147769506087
2173.451073673001 2208.1076100090545
2170.545718511002 2197.0485319559093
2170.545718511002 2183.144007078745
2169.6534269718622 2173.5309697752446
2164.0616459892076 2170.0020127728044
2157.6707117190563 2165.959240204342
2157.175921859929 2161.6732561307062
2157.175921859929 2158.705639589676
2156.8110655989217 2157.5626843031223
