2167.3174765945046 2958.7160806678394
2073.4694943961417 2582.9674984676863
2066.8502664286357 2226.0011119504547
2060.137879418797 2103.254308945668
2060.137879418797 2079.810213729715
2059.1488986997033 2062.0285134436576
2055.737856997914 2059.1646860401056
2055.737856997914 2059.0232557965232
2051.333703733825 2057.2622336594304
2051.333703733825 2055.351150974833
2050.644163640084 2052.5589266018965
2050.644163640084 2051.479891514114
2046.9264859113373 2050.402511810016
2043.9639967672542 2049.0619909920015
2043.550096703524 2046.7549638596417
2042.7327758192314 2044.918852411048
2041.1866490229986 2044.0387111924126
2041.1866490229986 2042.958591585964
2041.1866490229986 2041.9392249946127
2041.030865395836 2041.2934771458904
