-3167.3174765945046 -3958.71608066784
-3073.4694943961417 -3582.9674984676867
-3066.8502664286357 -3226.001111950455
-3060.137879418797 -3103.254308945666
-3060.137879418797 -3079.8102137297155
-3059.1488986997033 -3062.028513443657
-3055.737856997914 -3059.1646860401042
-3055.737856997914 -3059.023255796522
-3051.333703733825 -3057.2622336594304
-3051.333703733825 -3055.351150974833
-3050.644163640084 -3052.5589266018974
-3050.644163640084 -3051.479891514113
-3046.9264859113373 -3050.402511810014
-3043.9639967672542 -3049.061990992002
-3043.550096703524 -3046.754963859642
-3042.7327758192314 -3044.9188524110477
-3041.1866490229986 -3044.0387111924138
-3041.1866490229986 -3042.9585915859657
-3041.1866490229986 -3041.939224994612
-3041.030865395836 -3041.2934771458918
