-1198.7850411981694 -1274.189497666781
-1162.7534016193622 -1216.3247694232691
-1153.1230171440197 -1182.6186586346082
-1102.9155790279133 -1143.9817859115199
-1102.0476174193827 -1119.8779723493778
-1092.8771162682317 -1109.8876114963814
-1091.0301576259953 -1100.213346493832
-1084.9717329698642 -1095.7754964093745
-1083.4969263865628 -1091.7313857671832
-1083.1686995836928 -1087.106108591464
-1080.2920450443494 -1084.7926472285155
-1080.2920450443494 -1083.400769034165
-1079.7926372472841 -1082.5179254304278
-1079.7926372472841 -1080.7403269159568
-1079.7926372472841 -1079.9392423286731
-1079.4542152531308 -1079.7663980976745
-1079.4542152531308 -1079.7188977565977
-1079.4011792167641 -1079.5451760051794
-1078.9100651023546 -1079.4196709712949
-1078.9100651023546 -1079.3402073930795
