198.78504119816944 274.18949766678077
162.7534016193622 216.32476942326892
153.12301714401974 182.61865863460807
102.91557902791328 143.98178591151978
102.04761741938273 119.87797234937746
92.8771162682317 109.88761149638121
91.03015762599534 100.21334649383182
84.9717329698642 95.77549640937485
83.49692638656279 91.73138576718284
83.16869958369284 87.1061085914642
80.29204504434938 84.79264722851585
80.29204504434938 83.40076903416505
79.79263724728412 82.51792543042805
79.79263724728412 80.74032691595667
79.79263724728412 79.93924232867336
79.45421525313077 79.76639809767484
79.45421525313077 79.71889775659817
79.40117921676415 79.54517600517966
78.91006510235457 79.41967097129469
78.91006510235457 79.34020739307913
