-15.4461282300026 -15.446229678491383
-15.44573978643217 -15.446128292721815
-15.445441937269976 -15.445883655051906
-15.444836965947118 -15.44534785260317
-15.44366076592263 -15.44488029223129
-15.44366076592263 -15.44439370780226
-15.443553355924692 -15.444103773902096
-15.44343720482155 -15.443749953230173
-15.44267461458854 -15.44335651423865
-15.442651882152632 -15.443086442921562
-15.442651882152632 -15.442933364524666
-15.442651882152632 -15.442797033528459
-15.442651882152632 -15.442696788270045
-15.442651882152632 -15.442672611119129
-15.442651882152632 -15.44266362506736
-15.442624936231226 -15.442651296047071
-15.442611243680204 -15.442641802697977
-15.442520497331387 -15.442620125282051
-15.442520497331387 -15.442611134688986
-15.442520497331387 -15.442595595693545
