104.4661282300026 104.46622967849139
104.46573978643217 104.46612829272179
104.46544193726997 104.46588365505188
104.46483696594711 104.46534785260316
104.46366076592263 104.46488029223131
104.46366076592263 104.46439370780224
104.46355335592469 104.4641037739021
104.46343720482155 104.46374995323019
104.46267461458854 104.46335651423867
104.46265188215263 104.46308644292156
104.46265188215263 104.46293336452466
104.46265188215263 104.46279703352843
104.46265188215263 104.46269678827004
104.46265188215263 104.46267261111909
104.46265188215263 104.46266362506732
104.46262493623122 104.46265129604708
104.4626112436802 104.46264180269797
104.46252049733138 104.46262012528207
104.46252049733138 104.462611134689
104.46252049733138 104.46259559569354
