-15.442468847702912 -15.446020507585713
-15.441406586429423 -15.445220500900957
-15.44032294858087 -15.443740173630626
-15.44032294858087 -15.44218478211648
-15.42475475353119 -15.43919625146845
-15.4141254303604 -15.43072263386751
-15.4141254303604 -15.420296778950426
-15.411604830535296 -15.415989517721233
-15.411541927922784 -15.414541927497877
-15.409916128624502 -15.413667411762042
-15.407593825010665 -15.412702001240314
-15.407593825010665 -15.409901514095111
-15.407593825010665 -15.408808105231163
-15.407419082280711 -15.408032954951333
-15.407264092829706 -15.407610155759365
-15.407156327787675 -15.40742321613264
-15.407140559208031 -15.407261293513592
-15.406857517139017 -15.407119810574901
-15.406857517139017 -15.407010344235987
-15.406843976334471 -15.406895907307796
