104.46246884770291 104.46602050758572
104.46140658642942 104.46522050090093
104.46032294858087 104.46374017363061
104.46032294858087 104.46218478211647
104.44475475353119 104.45919625146844
104.4341254303604 104.45072263386753
104.4341254303604 104.44029677895038
104.43160483053529 104.4359895177212
104.43154192792278 104.4345419274979
104.4299161286245 104.433667411762
104.42759382501066 104.43270200124033
104.42759382501066 104.42990151409508
104.42759382501066 104.42880810523116
104.42741908228071 104.4280329549513
104.4272640928297 104.42761015575934
104.42715632778767 104.42742321613261
104.42714055920803 104.42726129351361
104.42685751713901 104.42711981057491
104.42685751713901 104.42701034423598
104.42684397633447 104.4268959073078
