31.412219809167937 63.50665821900914
31.412219809167937 50.32131542517365
31.412219809167937 44.75628065763779
31.412219809167937 48.948755286445966
31.41221980916771 35.29950781735591
30.385786843655296 31.275362080432448
30.38578684365484 31.008789211239908
29.634626424229964 30.446964296744916
29.634626424229964 30.303545844772557
29.634626424229964 29.912365527248653
29.634626424229964 29.756440009779354
29.634626424229964 29.635976633227543
29.634626424229964 29.63462642423084
29.634626424229964 29.634626424230305
29.262948228011055 29.597458604608317
29.262948228011055 29.580855342616655
29.23786744245399 29.4574914855669
29.19018406450732 29.45091445399436
29.18878855679168 29.245746218233823
29.188024843357425 29.191851389079474
