-1031.412219809168 -1063.5066582190093
-1031.412219809168 -1050.3213154251735
-1031.412219809168 -1044.7562806576377
-1031.412219809168 -1048.948755286446
-1031.4122198091677 -1035.2995078173558
-1030.3857868436553 -1031.2753620804326
-1030.3857868436548 -1031.00878921124
-1029.63462642423 -1030.4469642967445
-1029.63462642423 -1030.303545844772
-1029.63462642423 -1029.9123655272485
-1029.63462642423 -1029.7564400097797
-1029.63462642423 -1029.6359766332278
-1029.63462642423 -1029.634626424231
-1029.63462642423 -1029.6346264242304
-1029.262948228011 -1029.5974586046084
-1029.262948228011 -1029.5808553426168
-1029.237867442454 -1029.457491485567
-1029.1901840645073 -1029.4509144539945
-1029.1887885567917 -1029.245746218234
-1029.1880248433574 -1029.1918513890794
