946.5716820032583 1538.7768785629871
886.3081008874506 1103.7308332804193
796.7737895821767 900.9624111435446
682.4027113031625 814.336083244406
682.4027113031625 755.2152786462013
664.6314380034471 718.051104814397
651.2969421712651 691.3696780286285
634.6622906636699 661.3546866925387
634.6622906636699 654.8852315185245
634.1884100610876 648.4289341965892
619.2666801807534 636.1055818795054
615.5337463662017 626.846450897893
611.0756471849379 619.8462852088066
611.0756471849379 617.8282202665708
602.4843477344975 616.503421539018
602.4843477344975 611.1037121242368
600.6070718186224 607.951964465242
600.6070718186224 603.8936103651027
598.7938304432869 602.2677377744217
589.9660825625047 600.256861421629
