-1946.5716820032583 -2538.7768785629864
-1886.3081008874506 -2103.730833280419
-1796.7737895821767 -1900.9624111435453
-1682.4027113031625 -1814.3360832444064
-1682.4027113031625 -1755.2152786462016
-1664.631438003447 -1718.0511048143976
-1651.296942171265 -1691.369678028629
-1634.6622906636699 -1661.354686692538
-1634.6622906636699 -1654.8852315185243
-1634.1884100610876 -1648.4289341965891
-1619.2666801807534 -1636.1055818795057
-1615.5337463662017 -1626.8464508978932
-1611.075647184938 -1619.8462852088064
-1611.075647184938 -1617.828220266571
-1602.4843477344975 -1616.5034215390183
-1602.4843477344975 -1611.1037121242366
-1600.6070718186224 -1607.951964465242
-1600.6070718186224 -1603.8936103651026
-1598.7938304432869 -1602.267737774422
-1589.9660825625047 -1600.2568614216289
