68.60583379778338 55.69380313758156
75.62287776273608 65.53935884696452
76.12770672787775 71.97454618599241
77.26073855047022 75.29717857371594
79.61432491922676 77.13796730250738
79.61432491922676 77.53824335815152
79.61432491922676 77.73997359590898
79.61432491922679 78.86483983542198
79.6143249192306 78.96590230964549
79.6143249192306 79.04157244813865
79.61432491923303 79.32707093973539
79.61432491923304 79.61432491923163
79.6143249192331 79.6143249192321
79.6143249192362 79.61432491923281
79.61432491923644 79.61432491923442
79.61432491923644 79.61432491923512
79.61432491923662 79.61432491923561
79.61432491923678 79.54506266027029
79.6143249192379 79.6143249192368
79.61432491923796 79.53696891228165
