20.41416620221662 33.32619686241844
13.397122237263915 23.480641153035453
12.892293272122245 17.045453814007615
11.759261449529774 13.722821426284058
9.405675080773236 11.882032697492606
9.405675080773236 11.481756641848465
9.405675080773236 11.280026404091037
9.405675080773207 10.155160164578001
9.405675080769399 10.054097690354546
9.405675080769399 9.978427551861333
9.405675080766969 9.692929060264609
9.405675080766954 9.405675080768358
9.405675080766898 9.405675080767882
9.4056750807638 9.405675080767178
9.405675080763558 9.405675080765569
9.405675080763558 9.405675080764892
9.405675080763373 9.405675080764384
9.405675080763217 9.47493733972973
9.405675080762094 9.405675080763212
9.405675080762038 9.483031087718356
