147895.08277823968 378901.40884131717
54477.32550348638 212691.95599533417
30712.97920617053 116106.73085284074
30712.97920617053 62668.97811371648
30712.97920617053 41800.93924486213
27922.11795056583 35120.21403740722
27922.11795056583 30611.906327828514
27765.569406651084 29978.104723502223
27738.662559692886 28768.840538449767
27613.098686018322 27899.76691235296
27606.42786557366 27728.78364498198
27312.174818199263 27620.303756161036
27312.174818199263 27497.346346772094
27296.848425501496 27398.92621242987
27266.46430005662 27316.323708233012
27241.175281788754 27288.127126353218
27179.666612441844 27248.78793650567
27176.850962301985 27217.525955705732
27110.412622096374 27185.168406496337
27110.412622096374 27160.22236086439
