-148895.08277823968 -379901.40884131717
-55477.32550348638 -213691.95599533417
-31712.97920617053 -117106.73085284074
-31712.97920617053 -63668.97811371648
-31712.97920617053 -42800.93924486213
-28922.11795056583 -36120.21403740722
-28922.11795056583 -31611.906327828514
-28765.569406651084 -30978.104723502223
-28738.662559692886 -29768.840538449767
-28613.098686018322 -28899.76691235296
-28606.42786557366 -28728.78364498198
-28312.174818199263 -28620.303756161036
-28312.174818199263 -28497.346346772094
-28296.848425501496 -28398.926212429866
-28266.46430005662 -28316.323708233012
-28241.175281788754 -28288.12712635322
-28179.666612441844 -28248.787936505665
-28176.850962301985 -28217.525955705732
-28110.412622096374 -28185.168406496337
-28110.412622096374 -28160.22236086439
