32483.61703030819 3252970.4189065685
5822.992371580877 888293.3801616317
4122.932300657173 374812.7477958987
3585.379953290987 123589.43489923523
396.14917283272644 92400.10951152607
396.14917283272075 52545.898513958906
396.14917283272075 16529.32585482408
396.14917283272075 7967.3337663962975
396.14917283271825 398.80285322319486
396.14917283271484 396.14917283271944
396.1491728327137 396.1491728327193
396.1491728327137 396.14917283271905
396.14917283271143 396.14917283271654
395.3553863591776 396.0697941853605
386.107288633347 396.13495839243296
369.8618988175733 389.8448138669538
369.8618988175733 386.7413387581723
369.8618988175733 383.86137467677116
365.5802003380479 378.00713726259454
365.5802003380479 376.8658735367896
