-33483.61703030819 -3253970.4189065685
-6822.992371580877 -889293.3801616317
-5122.932300657173 -375812.7477958987
-4585.379953290987 -124589.43489923523
-1396.1491728327264 -93400.10951152607
-1396.1491728327208 -53545.898513958906
-1396.1491728327208 -17529.32585482408
-1396.1491728327208 -8967.333766396298
-1396.1491728327182 -1398.8028532231945
-1396.1491728327148 -1396.14917283272
-1396.1491728327137 -1396.1491728327196
-1396.1491728327137 -1396.149172832719
-1396.1491728327114 -1396.1491728327162
-1395.3553863591776 -1396.0697941853607
-1386.107288633347 -1396.1349583924325
-1369.8618988175733 -1389.8448138669542
-1369.8618988175733 -1386.741338758172
-1369.8618988175733 -1383.8613746767717
-1365.580200338048 -1378.007137262594
-1365.580200338048 -1376.8658735367892
