-74.26728369057753 -188.1446259412077
-74.26728369057753 -157.75152749162402
-74.26728369057528 -131.7048921421596
-74.26728369057528 -93.60516744030987
-72.0430914038668 -99.07781188162971
-72.04309140386357 -73.71651017428374
-72.04309140385908 -73.34932783009111
-72.04309140385908 -75.22426053541709
-72.04309140385908 -74.30235256245423
-72.04309140385209 -72.04309140385985
-72.04309140385209 -72.04309140385774
-72.04309140385209 -73.39899765769101
-72.04309140385209 -72.04309140385446
-72.04309140385209 -72.04309140385331
-72.04309140384846 -72.04309140385337
-72.04309140384846 -72.04309140385135
-72.0430914038482 -72.04309140385165
-72.0430914038482 -72.04309140384989
-72.0430914038482 -72.0430914038493
-72.0430914038482 -72.04309140384845
