71.70144128942638 209.7236432340423
53.785983145718774 83.41516067172498
41.26928047471438 66.97467397160749
29.51647760157107 46.7149682947188
29.51647760157107 39.41614480348325
29.51647760157107 35.516943838975365
27.368541888145273 32.02971951913833
24.194436326001096 28.552564836525455
23.79190619164683 26.5120930357935
23.371602332918428 24.448251774217866
23.23398856750805 23.56649053497007
22.932495189612837 23.35156594608494
22.37671110887709 22.964317009649804
22.2310888452339 22.606426139169745
22.188580046490983 22.43920765160974
22.188580046490983 22.262533378473897
22.128381031765002 22.198348698072337
22.128381031765002 22.173645509129148
22.068970370824218 22.16129495988106
22.068970370824218 22.133136499841477
