-1071.7014412894264 -1209.7236432340421
-1053.7859831457188 -1083.4151606717248
-1041.2692804747144 -1066.9746739716074
-1029.516477601571 -1046.7149682947186
-1029.516477601571 -1039.4161448034833
-1029.516477601571 -1035.5169438389753
-1027.3685418881453 -1032.029719519138
-1024.194436326001 -1028.552564836525
-1023.7919061916468 -1026.512093035794
-1023.3716023329184 -1024.4482517742179
-1023.233988567508 -1023.5664905349702
-1022.9324951896128 -1023.3515659460849
-1022.3767111088771 -1022.9643170096498
-1022.2310888452339 -1022.6064261391697
-1022.188580046491 -1022.4392076516098
-1022.188580046491 -1022.2625333784741
-1022.128381031765 -1022.1983486980727
-1022.128381031765 -1022.1736455091293
-1022.0689703708242 -1022.161294959881
-1022.0689703708242 -1022.1331364998413
