-2041.952707149149 -2454.7375537940925
-1797.456581593739 -2131.1033130050564
-1737.2910837312377 -1949.7430633470203
-1624.7415945762077 -1778.6755244061635
-1600.5612948378493 -1657.1139963279622
-1587.6519186578066 -1629.63092901985
-1520.737524204122 -1609.5144200870247
-1519.7283672291467 -1577.66651049337
-1517.380381007269 -1540.5181349753816
-1517.2561613300882 -1523.3125181803412
-1516.6751911232413 -1518.2047300782422
-1515.358663518055 -1517.7778495856212
-1514.5875991362986 -1517.2960082637017
-1513.8768924307574 -1515.4603200713368
-1513.2879379959018 -1514.0295570230555
-1513.0476983320536 -1513.5956745083918
-1513.0476983320536 -1513.329841328416
-1511.3688171942108 -1512.8836859129106
-1505.2235774498167 -1511.9195188076103
-1502.297061786574 -1509.865782473954
