1041.952707149149 1454.7375537940927
797.456581593739 1131.1033130050564
737.2910837312377 949.7430633470204
624.7415945762077 778.6755244061638
600.5612948378493 657.1139963279624
587.6519186578066 629.6309290198495
520.7375242041221 609.5144200870242
519.7283672291467 577.6665104933694
517.3803810072691 540.518134975381
517.2561613300882 523.3125181803409
516.6751911232413 518.2047300782419
515.358663518055 517.7778495856213
514.5875991362986 517.2960082637018
513.8768924307574 515.4603200713366
513.2879379959018 514.0295570230555
513.0476983320536 513.5956745083918
513.0476983320536 513.3298413284157
511.3688171942108 512.8836859129103
505.22357744981673 511.9195188076103
502.297061786574 509.86578247395335
