-1013.1102745875033 -1022.5308115220917
-1013.1102745875033 -1017.6959998226946
-1013.1102745875033 -1015.5214679578052
-1012.8806021554775 -1014.3887443131985
-1012.8766469119662 -1013.1161070944727
-1012.7915481498786 -1012.9752659098561
-1012.7915481498786 -1012.8772110301277
-1012.7880874795085 -1012.8128709385994
-1012.7844461044045 -1012.8037866186877
-1012.7844461044045 -1012.7916681822704
-1012.7374455380008 -1012.7804838604462
-1012.424910694201 -1012.7053497778792
-1012.2949225130881 -1012.5511739706155
-1012.2880382245216 -1012.3664591858214
-1012.2040022279408 -1012.3329249878731
-1011.9914771695522 -1012.2609146858364
-1011.9914771695522 -1012.1442200861508
-1011.6815455241573 -1012.0105829409538
-1011.6744518596153 -1011.8815965620331
-1011.6580362030796 -1011.7551892525298
