13.11027458750334 22.5308115220916
13.11027458750334 17.695999822694464
13.11027458750334 15.52146795780493
12.880602155477504 14.3887443131982
12.87664691196619 13.116107094472772
12.791548149878622 12.975265909856144
12.791548149878622 12.877211030127873
12.788087479508476 12.812870938599143
12.784446104404537 12.803786618687662
12.784446104404537 12.791668182270772
12.73744553800077 12.780483860446402
12.424910694201003 12.70534977787895
12.294922513088068 12.551173970615464
12.288038224521642 12.366459185821508
12.204002227940805 12.332924987873051
11.99147716955224 12.260914685836607
11.99147716955224 12.144220086150654
11.681545524157286 12.010582940953618
11.67445185961526 11.881596562033234
11.658036203079632 11.755189252529878
