-1271.1351798263986 -1437.0410545508814
-1139.0322930720308 -1286.6333768863733
-1124.5554794107939 -1183.9343682125607
-1101.4057410409284 -1142.2764463949923
-1095.681683341851 -1113.9202276810888
-1095.3584515356065 -1100.6539805887378
-1095.3584515356065 -1097.189461845425
-1095.3584515356065 -1095.5969798603976
-1095.3584515356065 -1095.5951885099907
-1095.3584515356065 -1095.7395181367542
-1095.3584515356065 -1095.3911096321383
-1095.3584515356065 -1095.3692259291477
-1095.3584515356065 -1095.358451535606
-1095.3584515356065 -1095.358451535606
-1095.3584515356065 -1095.358451535606
-1095.3584515356065 -1095.358451535606
-1095.3584515356065 -1095.4218286979817
-1095.3584515356065 -1095.358451535606
-1095.3584515356065 -1095.358451535606
-1095.3584515356065 -1095.358451535606
