271.1351798263986 437.0410545508815
139.03229307203082 286.6333768863728
124.55547941079385 183.93436821256057
101.40574104092843 142.27644639499184
95.68168334185111 113.92022768108858
95.35845153560649 100.65398058873788
95.35845153560649 97.18946184542516
95.35845153560649 95.596979860397
95.35845153560649 95.5951885099903
95.35845153560649 95.73951813675372
95.35845153560649 95.39110963213865
95.35845153560649 95.36922592914797
95.35845153560649 95.35845153560649
95.35845153560649 95.35845153560649
95.35845153560649 95.35845153560649
95.35845153560649 95.35845153560649
95.35845153560649 95.42182869798216
95.35845153560649 95.35845153560649
95.35845153560649 95.35845153560649
95.35845153560649 95.35845153560649
