508575.37795657857 1025067.213611338
508575.37795657857 758943.3795374258
484677.1073371578 572980.6415935014
468690.6507330001 519022.5346263796
379655.4257282178 476943.8550379675
379655.4257282178 451713.6091274222
366886.42614282056 410180.18485033436
363076.1626832011 375238.6621432843
363076.1626832011 366571.4297024068
362331.01347605244 363982.8018953698
362123.3546188456 362570.96590686816
361841.34161589213 362419.56735054305
361648.94400649925 362110.29725226114
361245.464955078 361883.95305167994
361245.464955078 361680.85016278276
361245.464955078 361395.0000144173
360925.9006639231 361210.3728989399
360831.0240697556 361074.01449124276
360762.1689797148 360944.99572393973
360739.76550294674 360861.794439779
