-509575.37795657857 -1026067.213611338
-509575.37795657857 -759943.3795374258
-485677.1073371578 -573980.6415935014
-469690.6507330001 -520022.5346263796
-380655.4257282178 -477943.8550379675
-380655.4257282178 -452713.6091274222
-367886.42614282056 -411180.18485033436
-364076.1626832011 -376238.6621432843
-364076.1626832011 -367571.4297024068
-363331.01347605244 -364982.8018953698
-363123.3546188456 -363570.96590686816
-362841.34161589213 -363419.56735054305
-362648.94400649925 -363110.29725226114
-362245.464955078 -362883.95305167994
-362245.464955078 -362680.85016278276
-362245.464955078 -362395.0000144173
-361925.9006639231 -362210.3728989399
-361831.0240697556 -362074.01449124276
-361762.1689797148 -361944.99572393973
-361739.76550294674 -361861.794439779
