-7286804.286013073 -1.3091298178154582E7
-5132332.510997843 -8492714.861385455
-5132332.510997843 -6406904.236926843
-3173670.1172218844 -5163744.501697129
-3121986.335894057 -4244867.612465692
-3121986.335894057 -3483842.7125941133
-3030694.7166234725 -3142271.8378343815
-3004337.7455593823 -3051725.3459338346
-2979428.427168339 -3019034.1387530933
-2962653.3415544927 -2987329.58823589
-2890758.2817470646 -2959715.598349533
-2890758.2817470646 -2928692.345031601
-2875680.463635379 -2899610.8783839666
-2875680.463635379 -2884373.200066443
-2875680.463635379 -2878476.4876369094
-2871234.4980078 -2875426.0238683675
-2871234.4980078 -2874442.921355179
-2867689.485055467 -2872859.1194498
-2826396.2805385883 -2868018.090234326
-2826396.2805385883 -2853498.187570032
