7285804.286013073 1.3090298178154582E7
5131332.510997843 8491714.861385455
5131332.510997843 6405904.236926843
3172670.1172218844 5162744.501697129
3120986.335894057 4243867.612465692
3120986.335894057 3482842.7125941133
3029694.7166234725 3141271.8378343815
3003337.7455593823 3050725.3459338346
2978428.427168339 3018034.1387530933
2961653.3415544927 2986329.58823589
2889758.2817470646 2958715.598349533
2889758.2817470646 2927692.345031601
2874680.463635379 2898610.8783839666
2874680.463635379 2883373.200066443
2874680.463635379 2877476.4876369094
2870234.4980078 2874426.0238683675
2870234.4980078 2873442.921355179
2866689.485055467 2871859.1194498
2825396.2805385883 2867018.090234326
2825396.2805385883 2852498.187570032
