398.416584244007 451.7284382722252
357.81074520766174 412.2119427279266
357.81074520766174 403.7497039936461
357.81074520766174 387.4740986429788
341.84813396845993 368.81841457402425
324.173062712852 351.7152835638682
317.71561507905926 339.72465614184307
307.73890753497153 333.032379025302
307.73890753497153 323.45339534403166
307.73890753497153 315.85990231294755
307.6516216273071 311.5906605639278
307.6516216273071 309.91799652794543
306.82375088920867 308.6399295324385
306.82375088920867 307.4252791467573
306.82375088920867 306.87766299673393
306.82375088920867 306.82813630111735
306.82375088920867 306.824378533866
306.82375088920867 306.82375088920884
306.82375088920867 306.82375088920884
306.82375088920867 306.82912977169684
