-1398.416584244007 -1451.7284382722253
-1357.8107452076617 -1412.2119427279263
-1357.8107452076617 -1403.7497039936463
-1357.8107452076617 -1387.4740986429786
-1341.84813396846 -1368.8184145740247
-1324.173062712852 -1351.7152835638678
-1317.7156150790593 -1339.7246561418428
-1307.7389075349715 -1333.032379025302
-1307.7389075349715 -1323.4533953440318
-1307.7389075349715 -1315.8599023129477
-1307.6516216273071 -1311.5906605639275
-1307.6516216273071 -1309.917996527945
-1306.8237508892087 -1308.6399295324386
-1306.8237508892087 -1307.4252791467575
-1306.8237508892087 -1306.8776629967338
-1306.8237508892087 -1306.8281363011172
-1306.8237508892087 -1306.8243785338652
-1306.8237508892087 -1306.8237508892082
-1306.8237508892087 -1306.8237508892082
-1306.8237508892087 -1306.8291297716962
