3958.0 11102.341
3958.0 9543.962
3011.0 8147.468
2855.0 6829.258
2882.0 5598.259
2882.0 4840.162
2659.0 4465.697
2659.0 4305.164
2337.0 4133.577
2116.0 4041.503
2116.0 4069.169
2302.0 3850.484
2196.0 3713.038
1632.0 3620.706
1220.0 3517.625
1220.0 3317.413
1220.0 3001.133
919.0 2361.359
919.0 1768.231
919.0 1467.205
919.0 1355.405
900.0 1333.603
919.0 1334.447
919.0 1317.896
899.0 1338.403
899.0 1301.446
897.0 1291.614
872.0 1276.759
809.0 1255.412
809.0 1268.398
809.0 1226.101
769.0 1152.756
769.0 1128.403
769.0 1103.685
769.0 1048.187
769.0 1018.987
769.0 1023.365
769.0 1015.275
769.0 1002.853
751.0 964.138
740.0 968.881
613.0 953.887
613.0 969.754
613.0 962.294
613.0 941.464
613.0 960.486
613.0 923.446
613.0 904.625
613.0 908.05
613.0 896.979
613.0 874.776
613.0 833.914
613.0 839.587
613.0 828.137
613.0 787.27
613.0 762.67
613.0 748.486
613.0 758.751
613.0 727.192
613.0 718.602
613.0 695.778
613.0 700.603
613.0 705.558
613.0 695.186
613.0 700.26
613.0 692.08
613.0 679.756
613.0 669.503
613.0 674.471
613.0 685.028
613.0 674.433
613.0 658.706
613.0 669.332
613.0 675.893
613.0 659.295
613.0 687.209
613.0 666.914
613.0 664.784
613.0 667.794
613.0 675.875
613.0 687.602
613.0 677.755
474.0 662.906
474.0 662.172
474.0 663.245
443.0 672.894
474.0 665.32
474.0 658.117
474.0 671.92
474.0 675.451
474.0 693.213
474.0 671.128
474.0 695.374
474.0 667.184
474.0 658.182
474.0 676.59
474.0 676.522
474.0 645.863
474.0 669.889
474.0 653.764
474.0 634.441
474.0 604.973
474.0 574.955
474.0 543.709
474.0 515.707
474.0 522.253
474.0 527.448
474.0 512.384
474.0 523.182
474.0 522.806
474.0 532.426
474.0 520.484
474.0 519.031
474.0 530.821
474.0 538.699
474.0 523.011
474.0 506.225
474.0 516.775
474.0 511.165
474.0 532.705
474.0 521.65
474.0 506.201
474.0 508.122
474.0 512.098
474.0 513.565
474.0 508.445
474.0 523.915
474.0 513.677
474.0 512.951
474.0 514.584
474.0 511.589
474.0 515.949
474.0 508.295
474.0 512.049
474.0 502.549
474.0 509.096
474.0 496.816
474.0 507.673
474.0 522.628
474.0 512.686
474.0 529.493
474.0 510.732
474.0 520.738
474.0 530.126
474.0 510.127
474.0 515.417
474.0 515.478
474.0 537.459
474.0 526.864
474.0 510.135
474.0 509.727
446.0 519.176
446.0 515.02
474.0 516.798
474.0 517.512
474.0 509.036
474.0 512.027
411.0 521.33
411.0 521.4
411.0 516.581
411.0 516.758
474.0 505.693
474.0 504.571
376.0 514.555
376.0 525.019
474.0 524.564
474.0 515.759
474.0 507.848
474.0 508.233
474.0 513.33
474.0 508.966
474.0 503.979
474.0 505.067
474.0 513.883
474.0 528.042
474.0 514.831
474.0 516.316
474.0 503.216
474.0 516.762
474.0 502.007
474.0 513.002
474.0 509.712
474.0 513.93
474.0 522.415
474.0 510.317
474.0 501.654
474.0 516.2
474.0 516.244
474.0 518.449
474.0 514.003
474.0 520.703
474.0 508.431
474.0 514.605
474.0 517.566
474.0 507.24
474.0 511.211
474.0 524.354
474.0 521.362
474.0 529.745
474.0 534.843
474.0 502.068
474.0 500.704
474.0 515.572
474.0 509.553
474.0 513.043
363.0 529.082
363.0 510.026
363.0 508.637
363.0 521.946
363.0 496.173
363.0 533.075
363.0 516.9
363.0 519.901
363.0 533.455
363.0 519.274
363.0 508.059
363.0 499.29
363.0 504.327
363.0 487.91
363.0 470.213
363.0 450.091
363.0 431.868
363.0 405.473
363.0 406.034
363.0 396.265
363.0 392.337
363.0 396.314
363.0 411.172
363.0 399.191
363.0 398.679
363.0 394.381
363.0 386.148
363.0 393.313
363.0 389.882
363.0 390.663
363.0 381.093
363.0 397.11
363.0 390.602
363.0 393.984
363.0 381.13
363.0 396.367
363.0 406.692
363.0 399.885
363.0 396.062
363.0 388.611
363.0 387.723
363.0 385.217
363.0 389.001
363.0 405.21
363.0 395.418
363.0 391.668
363.0 406.107
363.0 384.869
363.0 391.882
363.0 394.9
363.0 390.067
363.0 394.714
363.0 400.384
363.0 388.369
363.0 393.549
363.0 396.463
363.0 395.591
363.0 393.823
363.0 399.142
363.0 400.099
363.0 388.193
363.0 398.021
363.0 399.925
363.0 397.619
363.0 391.037
363.0 393.371
363.0 400.942
363.0 402.311
363.0 392.573
363.0 407.601
363.0 389.797
363.0 384.472
363.0 394.821
363.0 401.889
363.0 389.248
363.0 400.736
363.0 385.6
363.0 390.407
363.0 395.486
363.0 417.69
363.0 393.84
363.0 400.798
363.0 389.107
363.0 399.503
363.0 397.167
363.0 396.016
363.0 388.246
363.0 395.863
363.0 386.886
363.0 384.109
363.0 393.339
363.0 405.802
363.0 394.09
363.0 395.226
363.0 389.129
363.0 404.049
363.0 391.061
363.0 400.034
363.0 398.9
363.0 397.911
363.0 390.771
363.0 388.885
363.0 402.361
363.0 383.463
363.0 411.989
363.0 393.917
363.0 395.65
363.0 399.547
363.0 402.189
363.0 398.511
363.0 392.145
363.0 388.27
363.0 384.792
363.0 384.635
363.0 395.986
363.0 409.652
363.0 397.398
363.0 400.069
363.0 388.047
363.0 399.25
363.0 391.875
363.0 405.403
363.0 397.401
363.0 402.384
363.0 396.926
363.0 394.344
363.0 407.346
363.0 395.075
363.0 396.359
363.0 393.855
363.0 390.746
363.0 396.495
363.0 399.166
363.0 393.082
363.0 407.449
363.0 383.851
363.0 399.556
363.0 389.725
363.0 387.494
363.0 399.843
363.0 394.61
363.0 410.559
363.0 398.455
363.0 391.418
363.0 388.534
363.0 401.511
363.0 397.836
363.0 409.746
363.0 387.13
363.0 399.065
363.0 401.446
363.0 383.452
363.0 389.077
363.0 397.659
363.0 396.055
363.0 408.02
363.0 388.3
363.0 397.55
363.0 384.579
363.0 409.521
363.0 399.236
363.0 393.646
363.0 384.468
363.0 395.952
363.0 385.605
363.0 393.384
363.0 393.588
363.0 398.82
363.0 399.097
363.0 404.948
363.0 402.997
363.0 390.528
363.0 387.043
363.0 401.311
363.0 404.127
363.0 417.92
363.0 402.083
363.0 398.775
363.0 388.794
363.0 393.33
363.0 401.121
363.0 387.552
363.0 391.498
363.0 390.659
363.0 402.368
363.0 399.346
363.0 399.206
363.0 394.327
363.0 391.106
363.0 396.311
363.0 413.422
363.0 403.275
363.0 393.469
363.0 397.127
363.0 390.542
363.0 389.413
363.0 399.701
363.0 409.03
363.0 409.165
363.0 393.785
363.0 395.49
363.0 387.309
363.0 403.177
363.0 393.399
363.0 394.191
363.0 399.909
363.0 384.824
363.0 397.121
363.0 397.172
363.0 410.754
363.0 394.676
363.0 389.695
363.0 401.012
363.0 384.952
363.0 400.297
363.0 399.731
363.0 402.575
363.0 390.445
363.0 397.441
363.0 393.825
363.0 394.91
363.0 411.702
363.0 398.621
363.0 394.105
363.0 393.511
363.0 401.849
363.0 403.753
363.0 398.343
363.0 399.556
363.0 396.215
363.0 397.854
363.0 398.719
363.0 408.333
363.0 403.641
363.0 391.885
363.0 396.603
363.0 381.066
363.0 401.09
363.0 410.964
363.0 397.475
363.0 405.745
363.0 390.086
363.0 393.834
363.0 400.551
363.0 389.825
363.0 401.435
363.0 405.004
363.0 394.151
363.0 399.598
363.0 392.124
363.0 393.928
363.0 408.868
363.0 401.665
341.0 410.629
363.0 391.971
363.0 402.152
363.0 387.071
363.0 387.7
363.0 384.116
363.0 387.745
363.0 378.234
363.0 387.001
363.0 395.436
363.0 401.469
363.0 387.809
363.0 385.689
363.0 390.213
363.0 423.029
363.0 395.217
363.0 406.627
363.0 399.024
363.0 382.8
363.0 398.792
363.0 414.788
363.0 389.149
363.0 387.976
363.0 395.649
363.0 398.574
363.0 397.462
363.0 394.877
363.0 397.374
363.0 389.451
363.0 391.903
363.0 398.559
363.0 390.918
363.0 404.876
363.0 404.823
363.0 394.781
363.0 405.324
363.0 390.555
363.0 387.75
363.0 397.709
363.0 405.338
363.0 405.358
363.0 399.126
363.0 392.074
363.0 394.232
363.0 411.715
363.0 393.959
363.0 393.966
363.0 392.577
363.0 407.162
363.0 389.123
363.0 396.456
363.0 401.777
363.0 395.45
363.0 396.382
363.0 398.488
363.0 390.3
363.0 385.783
363.0 379.484
363.0 383.498
363.0 379.376
363.0 380.0
363.0 410.558
363.0 388.193
363.0 391.897
363.0 409.698
363.0 387.422
363.0 390.781
363.0 391.804
363.0 402.467
363.0 401.323
363.0 400.889
363.0 403.594
363.0 401.877
363.0 391.25
363.0 409.46
363.0 393.656
363.0 395.308
363.0 402.766
363.0 393.003
363.0 396.828
363.0 393.341
363.0 392.632
363.0 400.829
363.0 379.788
363.0 388.225
363.0 388.344
363.0 426.316
363.0 387.318
363.0 396.57
363.0 393.132
363.0 411.746
363.0 393.829
363.0 396.867
363.0 405.176
363.0 388.843
363.0 388.996
363.0 394.059
363.0 404.187
363.0 387.756
363.0 393.056
363.0 401.184
363.0 393.236
363.0 408.576
363.0 399.877
363.0 393.718
363.0 398.204
363.0 398.268
363.0 408.853
363.0 399.54
363.0 397.31
363.0 392.522
363.0 404.334
363.0 396.697
363.0 384.724
363.0 388.546
363.0 407.474
363.0 401.74
363.0 384.87
363.0 406.799
257.0 380.916
257.0 392.0
257.0 394.1
257.0 382.768
257.0 398.873
257.0 381.93
257.0 400.452
257.0 415.599
257.0 397.435
257.0 401.165
257.0 404.52
257.0 399.748
257.0 411.856
257.0 379.28
257.0 370.979
257.0 378.377
257.0 317.907
257.0 305.977
257.0 312.618
257.0 279.564
257.0 289.447
257.0 271.201
257.0 280.077
257.0 279.224
257.0 293.351
257.0 276.465
257.0 290.034
257.0 281.615
257.0 267.655
257.0 282.048
257.0 280.581
257.0 287.892
257.0 285.965
257.0 290.517
257.0 280.924
257.0 274.848
257.0 294.151
257.0 279.044
257.0 289.712
257.0 270.673
257.0 273.285
257.0 281.13
257.0 278.552
257.0 292.617
257.0 278.193
257.0 291.003
257.0 282.429
257.0 270.73
257.0 284.026
257.0 282.987
257.0 296.967
257.0 282.069
257.0 273.469
257.0 273.939
257.0 288.128
257.0 297.836
257.0 279.979
257.0 276.591
257.0 284.862
257.0 277.075
257.0 275.426
257.0 285.005
257.0 279.506
257.0 272.381
257.0 287.963
257.0 280.149
257.0 282.9
257.0 280.561
257.0 289.485
257.0 278.394
257.0 279.103
257.0 295.256
257.0 276.82
257.0 286.439
257.0 276.533
257.0 289.456
257.0 281.831
257.0 274.145
257.0 281.407
257.0 289.198
257.0 282.572
257.0 278.35
257.0 283.428
257.0 283.591
257.0 273.935
257.0 270.117
257.0 279.089
257.0 281.777
257.0 288.621
257.0 270.297
257.0 282.262
257.0 274.618
257.0 283.358
257.0 284.901
257.0 272.769
257.0 275.693
257.0 289.221
257.0 281.354
257.0 273.835
257.0 277.065
257.0 277.301
257.0 277.183
257.0 275.731
257.0 277.245
257.0 286.63
257.0 291.375
257.0 292.209
257.0 282.486
257.0 273.858
257.0 278.075
257.0 285.864
257.0 273.082
257.0 268.032
257.0 295.114
257.0 277.608
257.0 282.638
257.0 274.757
257.0 278.19
257.0 283.93
257.0 271.798
257.0 270.826
257.0 277.969
257.0 272.946
257.0 275.853
257.0 280.69
257.0 282.994
257.0 276.548
257.0 282.1
257.0 279.097
257.0 283.406
257.0 273.983
257.0 284.667
257.0 278.095
257.0 290.478
257.0 277.893
257.0 288.066
257.0 289.231
257.0 284.596
257.0 269.71
257.0 278.138
257.0 275.554
257.0 270.606
257.0 288.033
257.0 287.588
257.0 276.73
257.0 274.765
257.0 281.924
257.0 286.496
257.0 275.635
257.0 268.177
257.0 289.869
257.0 288.022
257.0 281.718
257.0 274.501
257.0 275.714
257.0 284.692
257.0 274.293
257.0 276.067
257.0 280.588
257.0 299.608
257.0 277.412
257.0 290.689
257.0 273.34
257.0 286.757
257.0 282.891
257.0 287.211
257.0 272.081
257.0 277.995
257.0 283.337
257.0 274.737
257.0 281.303
257.0 281.525
257.0 279.693
257.0 283.205
257.0 284.518
257.0 285.812
257.0 273.431
257.0 279.624
257.0 279.209
257.0 278.742
257.0 270.943
257.0 280.369
257.0 284.259
257.0 280.474
257.0 275.051
257.0 281.822
257.0 281.577
257.0 274.378
257.0 285.935
257.0 275.336
257.0 289.134
257.0 282.325
257.0 284.557
257.0 280.852
257.0 278.718
257.0 284.099
257.0 274.34
257.0 279.608
257.0 276.711
257.0 269.963
257.0 294.486
257.0 281.597
257.0 283.401
257.0 279.09
257.0 281.95
257.0 275.299
257.0 276.535
257.0 274.305
257.0 273.873
257.0 280.695
257.0 280.301
257.0 278.559
257.0 281.613
257.0 285.912
257.0 272.344
257.0 283.398
257.0 287.303
257.0 281.486
257.0 277.451
257.0 275.57
257.0 278.954
257.0 285.276
257.0 280.124
257.0 284.805
257.0 281.237
257.0 276.083
257.0 293.388
257.0 274.105
257.0 283.854
257.0 284.957
257.0 283.026
257.0 274.499
257.0 282.017
257.0 278.625
257.0 281.906
257.0 275.088
257.0 289.747
257.0 280.679
257.0 275.258
257.0 283.349
257.0 273.559
257.0 287.573
257.0 276.83
257.0 286.938
257.0 285.195
257.0 286.837
257.0 281.759
257.0 279.572
257.0 285.248
257.0 274.114
257.0 286.396
257.0 282.135
257.0 281.2
257.0 286.717
257.0 276.209
257.0 293.548
257.0 277.071
257.0 288.846
257.0 281.66
257.0 272.04
257.0 282.564
257.0 282.143
257.0 284.92
257.0 280.074
257.0 273.608
257.0 286.507
257.0 267.91
257.0 275.907
257.0 287.541
257.0 287.759
257.0 288.956
257.0 283.013
257.0 284.3
257.0 282.013
257.0 269.988
257.0 275.645
257.0 284.793
257.0 280.181
257.0 272.343
257.0 276.384
257.0 287.687
257.0 275.285
257.0 280.455
257.0 284.169
257.0 277.074
257.0 276.911
257.0 271.403
257.0 279.065
257.0 279.025
257.0 277.018
257.0 278.608
257.0 285.428
257.0 279.807
257.0 291.856
257.0 290.454
257.0 279.38
257.0 272.795
257.0 277.914
257.0 288.369
257.0 270.569
257.0 289.355
257.0 275.903
257.0 282.52
257.0 276.585
257.0 285.844
257.0 275.43
257.0 287.226
257.0 285.886
257.0 287.052
257.0 270.603
257.0 290.222
257.0 277.88
257.0 276.526
257.0 281.31
257.0 276.964
257.0 275.09
257.0 279.99
257.0 281.533
257.0 287.444
257.0 281.675
257.0 274.489
257.0 280.682
257.0 275.989
257.0 284.303
257.0 288.894
257.0 284.868
257.0 280.83
257.0 271.004
257.0 278.016
257.0 274.657
257.0 273.738
257.0 279.831
257.0 284.258
257.0 277.184
257.0 276.568
257.0 278.351
257.0 291.03
257.0 286.351
257.0 286.536
257.0 285.872
257.0 291.683
257.0 265.843
257.0 285.432
257.0 280.254
257.0 282.747
257.0 283.345
257.0 282.459
257.0 288.299
257.0 283.301
257.0 273.02
257.0 278.953
257.0 279.611
257.0 278.883
257.0 286.443
257.0 283.442
257.0 286.718
257.0 280.613
257.0 283.509
257.0 279.573
257.0 277.555
257.0 290.175
257.0 292.916
257.0 274.575
257.0 287.762
257.0 280.553
257.0 296.438
257.0 273.912
257.0 283.333
257.0 279.896
257.0 277.07
257.0 267.529
257.0 281.905
257.0 283.355
257.0 282.972
257.0 281.972
257.0 268.645
257.0 283.535
257.0 288.449
257.0 276.97
257.0 277.571
257.0 282.555
257.0 282.414
257.0 269.953
257.0 288.046
257.0 280.998
257.0 276.982
257.0 280.741
257.0 293.528
257.0 285.625
257.0 281.408
257.0 286.024
257.0 279.125
257.0 279.876
257.0 274.954
257.0 274.903
257.0 276.888
257.0 277.464
257.0 293.259
257.0 271.227
257.0 276.975
257.0 276.731
257.0 291.342
257.0 283.33
257.0 285.215
257.0 281.815
257.0 283.511
257.0 271.09
257.0 276.458
257.0 285.618
257.0 276.481
257.0 279.422
257.0 270.387
257.0 280.262
257.0 279.812
257.0 284.769
257.0 283.409
257.0 298.76
257.0 288.74
257.0 285.297
257.0 286.688
257.0 274.974
257.0 290.439
257.0 290.939
