16.279550552368164 10.638683843612672
20.501571655273438 11.973806802431742
20.501571655273438 12.629106378555297
26.18899154663086 13.382943185170491
26.18899154663086 16.367792638142905
27.967620849609375 19.193817631403604
30.33590316772461 20.970541429519653
29.289342880249023 21.10979193051656
29.289342880249023 22.625324010849
29.289342880249023 23.84686492284139
32.25409698486328 25.104529507954915
30.530170440673828 26.205051851272582
38.44680404663086 26.687576961517333
34.672027587890625 26.806211725870767
34.672027587890625 27.500803629557293
34.672027587890625 27.135749721527098
47.802738189697266 27.794091987609864
47.802738189697266 28.45287977854411
54.943485260009766 30.933111572265624
55.23729705810547 33.79297876358032
55.23729705810547 38.649755795796715
78.30227661132812 40.77385218938192
56.34204864501953 41.32719882329305
51.56093978881836 38.46621669133504
56.03639602661133 38.07012866338094
51.26240921020508 39.05126832326253
62.888126373291016 40.48904034296672
53.6126708984375 41.582747586568196
62.888126373291016 42.05098107655843
55.23729705810547 43.739245128631595
56.65105056762695 44.702340571085614
54.701019287109375 43.701432387034096
54.701019287109375 42.88373505274455
56.03639602661133 46.186539268493654
60.229591369628906 49.020856857299805
64.52498626708984 52.55597133636475
64.52498626708984 54.67432696024577
69.91116333007812 53.318932088216144
73.25798034667969 54.4269095102946
73.25798034667969 55.20575663248698
85.89917755126953 56.635186513264976
99.40055847167969 57.47899163564046
73.25798034667969 55.350986830393474
73.25798034667969 51.53600912094116
86.68006896972656 53.49014104207357
112.07279205322266 56.86901009877523
112.07279205322266 61.7401341120402
86.68006896972656 70.8213083267212
107.59764862060547 76.60279881159464
86.68006896972656 77.63654155731201
86.68006896972656 81.52744083404541
86.68006896972656 81.9414560953776
96.76229858398438 83.90604136784872
96.76229858398438 85.25377413431804
96.76229858398438 84.10773779551188
96.76229858398438 81.87197589874268
86.68006896972656 85.33503278096516
86.68006896972656 84.36261863708496
130.20220947265625 86.80379384358724
130.20220947265625 82.586346244812
130.20220947265625 87.60985463460287
130.20220947265625 88.55323206583658
130.20220947265625 86.5976536432902
138.49441528320312 97.91600125630697
130.20220947265625 96.95527598063151
133.4257354736328 97.13178030649821
133.4257354736328 100.09943834940593
133.4257354736328 105.84955590566
133.4257354736328 110.41424465179443
133.4257354736328 111.38672841389975
133.4257354736328 112.59918422698975
133.4257354736328 117.3393487294515
133.4257354736328 118.23567422231038
133.4257354736328 122.54397614796956
133.4257354736328 124.03990440368652
133.4257354736328 123.12591698964437
133.4257354736328 121.68729629516602
133.4257354736328 121.36439882914225
133.4257354736328 122.41818180084229
133.4257354736328 126.5693769454956
133.4257354736328 127.03487904866536
133.4257354736328 122.8540625890096
133.4257354736328 123.63985455830893
133.4257354736328 126.64897133509318
133.4257354736328 130.68395385742187
133.4257354736328 130.1843157450358
133.4257354736328 129.50379333496093
133.4257354736328 130.04325853983562
133.4257354736328 128.63846638997396
133.4257354736328 122.27064113616943
133.4257354736328 128.2748182296753
133.4257354736328 130.51012064615887
133.4257354736328 127.23453528086344
133.4257354736328 130.64026781717936
133.4257354736328 133.4257354736328
133.4257354736328 133.4257354736328
133.4257354736328 129.92153294881186
133.4257354736328 133.4257354736328
133.4257354736328 131.38458836873372
133.4257354736328 132.03802140553793
133.4257354736328 128.6455369313558
133.4257354736328 132.55487111409505
133.4257354736328 130.22914056777955
133.4257354736328 133.4257354736328
133.4257354736328 133.4257354736328
133.4257354736328 132.15486755371094
133.4257354736328 127.47658309936523
133.4257354736328 126.64158420562744
133.4257354736328 130.0148550669352
133.4257354736328 132.61792589823406
133.4257354736328 132.19757563273112
133.4257354736328 130.50215562184653
133.4257354736328 129.00226357777913
133.4257354736328 132.09551773071288
133.4257354736328 130.4087356567383
133.4257354736328 133.4257354736328
133.4257354736328 130.18737805684407
133.4257354736328 129.9801529566447
133.4257354736328 130.55514551798504
133.4257354736328 131.80444475809733
133.4257354736328 130.33198286692303
133.4257354736328 128.52328831354777
133.4257354736328 131.8626303354899
133.4257354736328 130.29538955688477
133.4257354736328 124.39034233093261
133.4257354736328 127.76007919311523
133.4257354736328 126.75678984324138
133.4257354736328 127.32879994710287
133.4257354736328 130.25055519739786
133.4257354736328 133.4257354736328
133.4257354736328 131.6059378306071
133.4257354736328 128.948224067688
133.4257354736328 133.4257354736328
133.4257354736328 130.35045000712077
133.4257354736328 130.22137022018433
133.4257354736328 124.44236297607422
133.4257354736328 130.52640012105306
133.4257354736328 129.3070125579834
133.4257354736328 132.0214396794637
133.4257354736328 130.7131680806478
133.4257354736328 130.44440205891928
133.4257354736328 131.81681785583496
133.4257354736328 128.99882195790607
133.4257354736328 127.43881365458171
133.4257354736328 127.39677480061849
133.4257354736328 130.61986001332602
133.4257354736328 128.76337674458821
133.4257354736328 129.71321252187093
133.4257354736328 133.4257354736328
133.4257354736328 128.4766492207845
133.4257354736328 133.4257354736328
133.4257354736328 131.83238976796468
133.4257354736328 126.89501508076985
133.4257354736328 129.08460547129314
133.4257354736328 130.22728729248047
133.4257354736328 131.97310988108316
133.4257354736328 130.83725579579672
133.4257354736328 131.37265485127767
134.58468627929688 128.2203800837199
134.58468627929688 125.73496112823486
134.58468627929688 128.81570472717286
134.58468627929688 132.24551760355632
134.58468627929688 130.6704296429952
134.58468627929688 131.24882691701254
134.58468627929688 132.2028554916382
134.58468627929688 133.7927365620931
134.58468627929688 133.69615732828777
134.58468627929688 132.01186650594076
134.58468627929688 132.3636618932088
134.58468627929688 132.51919352213542
134.58468627929688 133.58026224772135
134.58468627929688 129.15085665384927
134.58468627929688 128.1793451309204
134.58468627929688 130.90410010019937
134.58468627929688 132.1736203511556
134.58468627929688 127.45318126678467
134.58468627929688 130.20813503265381
134.58468627929688 126.64790919621785
134.58468627929688 130.78003927866618
134.58468627929688 122.0721227645874
134.58468627929688 125.36354974110921
134.58468627929688 120.43424866994222
134.58468627929688 124.95868692398071
134.58468627929688 129.73979867299397
134.58468627929688 129.01587543487548
134.58468627929688 128.21209751764934
134.58468627929688 127.34318008422852
134.58468627929688 127.80193583170573
134.58468627929688 131.43001403808594
134.58468627929688 131.39878781636557
134.58468627929688 132.16073455810547
134.58468627929688 132.46954879760742
134.58468627929688 131.04737586975097
134.58468627929688 134.00521087646484
134.58468627929688 132.41998316446941
134.58468627929688 132.32490997314454
134.58468627929688 127.18155873616537
134.58468627929688 125.72589193979898
134.58468627929688 125.32226632436117
134.58468627929688 132.45508524576823
134.58468627929688 132.654562886556
134.58468627929688 127.57981751759847
134.58468627929688 130.94077917734782
134.58468627929688 133.63820978800456
134.58468627929688 130.66170088450113
134.58468627929688 128.5253220240275
134.58468627929688 132.16727504730224
134.58468627929688 132.00941212972006
134.58468627929688 131.9620459874471
134.58468627929688 132.17936725616454
134.58468627929688 127.30005594889323
133.4257354736328 133.4257354736328
133.4257354736328 131.80744476318358
133.4257354736328 133.4257354736328
133.4257354736328 130.64500726064045
133.4257354736328 131.82497526804607
133.4257354736328 133.4257354736328
133.4257354736328 131.31260999043783
133.4257354736328 129.05502624511718
133.4257354736328 126.75127925872803
133.4257354736328 130.65322297414144
133.4257354736328 127.05795707702637
133.4257354736328 129.48627236684163
133.4257354736328 131.83316020965577
133.4257354736328 126.7289786974589
133.4257354736328 133.4257354736328
133.4257354736328 123.43721726735433
133.4257354736328 130.3658067703247
133.4257354736328 131.7439131418864
133.4257354736328 130.53522745768228
133.4257354736328 132.13296693166097
133.4257354736328 132.13296693166097
133.4257354736328 133.4257354736328
133.4257354736328 128.10769990285237
133.4257354736328 128.86915899912518
133.4257354736328 132.01466986338298
133.4257354736328 126.68520692189534
133.4257354736328 132.00612850189208
133.4257354736328 126.7460142771403
133.4257354736328 130.6945432662964
133.4257354736328 133.4257354736328
133.4257354736328 125.98247076670329
133.4257354736328 126.6706782023112
133.4257354736328 126.39536946614584
133.4257354736328 133.4257354736328
133.4257354736328 132.0829434076945
133.4257354736328 130.55885492960613
133.4257354736328 128.8966093381246
133.4257354736328 128.35198554992675
133.4257354736328 131.62676874796549
133.4257354736328 130.53619378407797
133.4257354736328 132.1601712544759
133.4257354736328 126.08799330393474
133.4257354736328 129.62798754374185
133.4257354736328 133.4257354736328
133.4257354736328 133.4257354736328
133.4257354736328 129.97842076619466
133.4257354736328 133.4257354736328
133.4257354736328 130.54344879786174
133.4257354736328 127.08250122070312
133.4257354736328 126.85775566101074
133.4257354736328 128.57547887166342
133.4257354736328 126.678635597229
133.4257354736328 127.76801675160726
133.4257354736328 129.64962107340494
133.4257354736328 132.30377324422201
133.4257354736328 133.4257354736328
133.4257354736328 130.17988878885905
133.4257354736328 131.813902982076
133.4257354736328 131.73372996648152
133.4257354736328 133.4257354736328
133.4257354736328 124.53569418589274
133.4257354736328 131.62571493784586
133.4257354736328 131.84295209248862
133.4257354736328 130.40855185190836
133.4257354736328 130.64047826131184
133.4257354736328 131.02223300933838
133.4257354736328 128.63041540781657
133.4257354736328 132.00769672393798
133.4257354736328 131.77202701568604
133.4257354736328 133.4257354736328
133.4257354736328 133.4257354736328
133.4257354736328 132.39288050333658
133.4257354736328 132.05458145141603
133.4257354736328 125.02280661265056
133.4257354736328 126.06850662231446
133.4257354736328 129.03157552083334
133.4257354736328 130.28996289571126
133.4257354736328 131.62059024175008
133.4257354736328 128.22698059082032
133.4257354736328 122.8218931833903
133.4257354736328 131.02774117787678
133.4257354736328 128.58779157002766
133.4257354736328 132.10122680664062
133.4257354736328 131.4682020187378
133.4257354736328 131.36772486368815
133.4257354736328 130.40847676595052
133.4257354736328 133.4257354736328
133.4257354736328 133.4257354736328
133.4257354736328 133.4257354736328
133.4257354736328 130.58560988108317
133.4257354736328 126.51550738016765
133.4257354736328 131.74348697662353
133.4257354736328 130.27080936431884
133.4257354736328 131.9051300684611
133.4257354736328 132.00487842559815
133.4257354736328 133.4257354736328
133.4257354736328 132.19998048146564
133.4257354736328 131.7658037185669
133.4257354736328 128.46654456456503
133.4257354736328 130.05063521067302
133.4257354736328 133.4257354736328
133.4257354736328 133.4257354736328
133.4257354736328 130.32971172332765
133.4257354736328 131.84394804636636
133.4257354736328 130.02084980010986
133.4257354736328 129.16604642868043
133.4257354736328 129.71326058705648
133.4257354736328 130.53152205149334
133.4257354736328 131.73856417338052
133.4257354736328 131.69502216974894
133.4257354736328 128.1248805999756
133.4257354736328 128.56581093470257
133.4257354736328 129.45217459996542
133.4257354736328 131.82198371887208
133.4257354736328 129.711874071757
133.4257354736328 129.37977307637533
133.4257354736328 130.34385560353596
133.4257354736328 130.63947633107503
133.4257354736328 130.76245206197103
133.4257354736328 127.28002398808798
133.4257354736328 132.42094853719075
133.4257354736328 131.30522009531657
133.4257354736328 133.4257354736328
133.4257354736328 133.4257354736328
133.4257354736328 132.08482577006023
141.9845428466797 132.87318636576336
141.9845428466797 130.55092137654623
141.9845428466797 128.7070426940918
141.9845428466797 127.69478282928466
141.9845428466797 124.89509620666504
141.9845428466797 119.26511681874594
141.9845428466797 125.34213218688964
141.9845428466797 125.89456481933594
133.4257354736328 126.81788349151611
133.4257354736328 123.69464677174886
133.4257354736328 128.16249192555745
133.4257354736328 123.26917292277018
133.4257354736328 123.16954034169515
133.4257354736328 120.71604804992675
133.4257354736328 126.0261157989502
133.4257354736328 131.16249618530273
133.4257354736328 128.10281314849854
133.4257354736328 128.93204949696857
133.4257354736328 127.32847537994385
133.4257354736328 129.48253847757977
133.4257354736328 127.58859939575196
133.4257354736328 127.93784567515056
133.4257354736328 131.42956333160402
133.4257354736328 132.65741856892905
133.4257354736328 128.74858283996582
133.4257354736328 123.46408268610637
133.4257354736328 131.5851844151815
133.4257354736328 133.4257354736328
133.4257354736328 132.05740801493326
133.4257354736328 131.71459732055663
133.4257354736328 133.4257354736328
133.4257354736328 131.68240925470988
133.4257354736328 133.4257354736328
133.4257354736328 130.49697570800782
133.4257354736328 127.60685183207194
133.4257354736328 131.7793975830078
133.4257354736328 130.57673098246258
133.4257354736328 127.37282123565674
133.4257354736328 131.29490782419842
133.4257354736328 131.8438959757487
133.4257354736328 128.45474834442138
133.4257354736328 131.5499287923177
133.4257354736328 128.64938888549804
133.4257354736328 126.19525413513183
133.4257354736328 130.3922253926595
133.4257354736328 131.80234375
133.4257354736328 133.4257354736328
133.4257354736328 130.96442832946778
133.4257354736328 121.28653920491537
133.4257354736328 123.28295046488444
133.4257354736328 127.15161902109782
133.4257354736328 129.3060796101888
133.4257354736328 131.10803050994872
133.4257354736328 130.55455010732015
133.4257354736328 132.0376832326253
133.4257354736328 133.4257354736328
133.4257354736328 131.66341501871744
133.4257354736328 133.4257354736328
133.4257354736328 126.3709067662557
133.4257354736328 128.5752047220866
133.4257354736328 130.1037217458089
133.4257354736328 133.4257354736328
133.4257354736328 132.06635608673096
133.4257354736328 132.26576061248778
133.4257354736328 133.4257354736328
133.4257354736328 130.52048606872557
133.4257354736328 129.03160037994385
133.4257354736328 123.88242530822754
133.4257354736328 126.3527946472168
133.4257354736328 129.98136711120605
133.4257354736328 130.54138304392498
133.4257354736328 131.66116536458333
133.4257354736328 133.4257354736328
133.4257354736328 130.29676876068115
133.4257354736328 130.35316937764486
133.4257354736328 130.46361401875814
133.4257354736328 127.68336385091146
133.4257354736328 130.7931131998698
133.4257354736328 132.00487842559815
133.4257354736328 133.4257354736328
133.4257354736328 133.4257354736328
133.4257354736328 132.37376848856607
133.4257354736328 128.20369866689046
133.4257354736328 130.75129102071125
133.4257354736328 127.8326021830241
133.4257354736328 126.84367720286052
133.4257354736328 123.61813586552938
133.4257354736328 126.94425010681152
133.4257354736328 133.4257354736328
133.4257354736328 131.99319299062094
133.4257354736328 126.54299920399984
133.4257354736328 130.6377561569214
133.4257354736328 129.35050779978434
133.4257354736328 125.41355400085449
143.79640197753906 132.30288372039794
143.79640197753906 133.94426879882812
143.79640197753906 132.1708521525065
143.79640197753906 130.9565902709961
133.4257354736328 128.96123072306315
133.4257354736328 127.88054955800375
133.4257354736328 132.00533180236818
133.4257354736328 132.0685079574585
133.4257354736328 133.4257354736328
133.4257354736328 133.4257354736328
133.4257354736328 133.4257354736328
133.4257354736328 126.53846613566081
133.4257354736328 130.97767016092936
133.4257354736328 130.41610323588054
133.4257354736328 131.77281462351482
133.4257354736328 130.06650587717692
133.4257354736328 128.05927340189615
133.4257354736328 124.5344102859497
133.4257354736328 127.62897513707479
133.4257354736328 121.18021704355876
