2.5265285497726126E-4 9.788007591193684E-5
2.5265285497726126E-4 1.1615090064311657E-4
3.3211557622052476E-4 1.4074775660904412E-4
3.502626970227671E-4 1.694717461979216E-4
3.4698126301179735E-4 2.0271184813482488E-4
3.4698126301179735E-4 2.252091735268843E-4
3.76081233546446E-4 2.3670808365377848E-4
3.76081233546446E-4 2.443123274376394E-4
4.278990158322636E-4 2.5286230215238424E-4
4.725897920604915E-4 2.58164215870727E-4
4.725897920604915E-4 2.6119792631325176E-4
4.344048653344917E-4 2.743865230871603E-4
4.553734061930783E-4 2.8632083885440516E-4
6.127450980392157E-4 2.942127257511785E-4
8.19672131147541E-4 3.072116226807267E-4
8.19672131147541E-4 3.3391634799714056E-4
8.19672131147541E-4 3.8520059157984244E-4
0.001088139281828074 5.226042987382301E-4
0.001088139281828074 6.662785673939632E-4
0.001088139281828074 7.427130782773837E-4
0.001088139281828074 7.755729050397312E-4
0.0011111111111111111 7.815636539759854E-4
0.001088139281828074 7.825121537318603E-4
0.001088139281828074 7.897616700039783E-4
0.0011123470522803114 7.904006815889229E-4
0.0011123470522803114 8.029949944973287E-4
0.0011148272017837235 8.187118499042309E-4
0.0011467889908256881 8.323581471088885E-4
0.0012360939431396785 8.49668269674447E-4
0.0012360939431396785 8.61772055620972E-4
0.0012360939431396785 8.941142375969454E-4
0.0013003901170351106 9.401352370299675E-4
0.0013003901170351106 9.666464705678583E-4
0.0013003901170351106 9.88097750406096E-4
0.0013003901170351106 0.001016332555991743
0.0013003901170351106 0.0010336688057501105
0.0013003901170351106 0.0010389007765072551
0.0013003901170351106 0.0010429739226851436
0.0013003901170351106 0.001053035521288394
0.0013315579227696406 0.0010744585715073377
0.0013513513513513514 0.001075758534057451
0.0016313213703099511 0.0010899458964215988
0.0016313213703099511 0.001088022747993456
0.0016313213703099511 0.001095382673870521
0.0016313213703099511 0.001110137442812866
0.0016313213703099511 0.0011044702144729214
0.0016313213703099511 0.0011305574015782552
0.0016313213703099511 0.001153036241223108
0.0016313213703099511 0.0011598152300214095
0.0016313213703099511 0.0011759988525436584
0.0016313213703099511 0.0012143088222076055
0.0016313213703099511 0.001262434277163531
0.0016313213703099511 0.0012885169014101245
0.0016313213703099511 0.0013051653513708285
0.0016313213703099511 0.0013601857849927627
0.0016313213703099511 0.0014039017451664697
0.0016313213703099511 0.0014364782545904075
0.0016313213703099511 0.0014403558536081656
0.0016313213703099511 0.0014780478604007419
0.0016313213703099511 0.0014941083454484284
0.0016313213703099511 0.0015210614822298576
0.0016313213703099511 0.0015233953113156092
0.0016313213703099511 0.001519914724151588
0.0016313213703099511 0.0015289524429712017
0.0016313213703099511 0.0015263519431191082
0.0016313213703099511 0.0015434464995425176
0.0016313213703099511 0.001545919851630464
0.0016313213703099511 0.0015567009505047633
0.0016313213703099511 0.0015569652469596222
0.0016313213703099511 0.0015470546780968484
0.0016313213703099511 0.001555084475935142
0.0016313213703099511 0.0015773742458074838
0.0016313213703099511 0.001565820662203906
0.0016313213703099511 0.0015597150460975077
0.0016313213703099511 0.001574779133493606
0.0016313213703099511 0.0015536365214237574
0.0016313213703099511 0.0015742200763147539
0.0016313213703099511 0.0015751721296275245
0.0016313213703099511 0.0015701660236115648
0.0016313213703099511 0.0015664981216638764
0.0016313213703099511 0.0015526681296217566
0.0016313213703099511 0.0015595966990926903
0.002109704641350211 0.0015779923578054245
0.002109704641350211 0.001580956404273741
0.002109704641350211 0.0015837373114056684
0.002257336343115124 0.0015756817413019272
0.002109704641350211 0.0015845114188195548
0.002109704641350211 0.0015981160090984849
0.002109704641350211 0.0015820074932860473
0.002109704641350211 0.0015867072400047393
0.002109704641350211 0.0015742398108866882
0.002109704641350211 0.001595087822882942
0.002109704641350211 0.001583344117485075
0.002109704641350211 0.0016162560567920489
0.002109704641350211 0.0016345447291510316
0.002109704641350211 0.001629362327430028
0.002109704641350211 0.0016525838847172034
0.002109704641350211 0.0017043766228042644
0.002109704641350211 0.0017160646449245007
0.002109704641350211 0.0017676010153093078
0.002109704641350211 0.0018293843864241014
0.002109704641350211 0.0019024237292475758
0.002109704641350211 0.0019496564788518105
0.002109704641350211 0.002003297836057653
0.002109704641350211 0.002040810461512419
0.002109704641350211 0.0020448184005656404
0.002109704641350211 0.00203870073597362
0.002109704641350211 0.0020539459875845824
0.002109704641350211 0.0020453089393602402
0.002109704641350211 0.0020567629099907743
0.002109704641350211 0.002029782709939886
0.002109704641350211 0.00205362147547745
0.002109704641350211 0.0020458658087130956
0.002109704641350211 0.0020401311793049387
0.002109704641350211 0.002029415554117535
0.002109704641350211 0.0020439390294250295
0.002109704641350211 0.002062596767667498
0.002109704641350211 0.002056383486560273
0.002109704641350211 0.002060839020293235
0.002109704641350211 0.0020352199614283475
0.002109704641350211 0.0020509905121152776
0.002109704641350211 0.0020669062194447734
0.002109704641350211 0.0020642073322728874
0.002109704641350211 0.0020624016077522823
0.002109704641350211 0.0020588483184195497
0.002109704641350211 0.0020607074866443886
0.002109704641350211 0.002043064074918297
0.002109704641350211 0.0020612746176808285
0.002109704641350211 0.0020620781525927463
0.002109704641350211 0.0020597717341519855
0.002109704641350211 0.002062852639983511
0.002109704641350211 0.002054474892387597
0.002109704641350211 0.002064628286462927
0.002109704641350211 0.0020616611969853952
0.002109704641350211 0.002071774208790302
0.002109704641350211 0.0020631824965260557
0.002109704641350211 0.0020781780140468565
0.002109704641350211 0.0020642068175157047
0.002109704641350211 0.0020480286101288298
0.002109704641350211 0.002067724603472258
0.002109704641350211 0.002046770961114376
0.002109704641350211 0.0020643422187485902
0.002109704641350211 0.002050331993461332
0.002109704641350211 0.0020446414717111955
0.002109704641350211 0.0020613667387239247
0.002109704641350211 0.0020561057450097816
0.002109704641350211 0.0020575095702705113
0.002109704641350211 0.0020308520432816292
0.002109704641350211 0.002039241099158206
0.002109704641350211 0.0020631540723636196
0.002109704641350211 0.0020627951242784127
0.002242152466367713 0.0020545138717409234
0.002242152466367713 0.0020565496105514995
0.002109704641350211 0.002052249759187462
0.002109704641350211 0.002054428820099664
0.002109704641350211 0.0020588391030087255
0.002109704641350211 0.0020583614464392648
0.0024330900243309003 0.0020482918872225583
0.0024330900243309003 0.0020498501170257027
0.0024330900243309003 0.0020511521425332743
0.0024330900243309003 0.002058807271280643
0.002109704641350211 0.0020672239514075113
0.002109704641350211 0.0020712043598821233
0.0026595744680851063 0.0020552536860807043
0.0026595744680851063 0.0020501112137068485
0.002109704641350211 0.0020445005408260383
0.002109704641350211 0.0020601354296473163
0.002109704641350211 0.0020632984109371557
0.002109704641350211 0.0020589073047683217
0.002109704641350211 0.002056271205299745
0.002109704641350211 0.00206486207179209
0.002109704641350211 0.0020668891032776114
0.002109704641350211 0.0020675006763265606
0.002109704641350211 0.0020541009627709854
0.002109704641350211 0.0020410260246238755
0.002109704641350211 0.00205387831617531
0.002109704641350211 0.002056529365388729
0.002109704641350211 0.0020693464952080253
0.002109704641350211 0.002055107657171233
0.002109704641350211 0.002075187377877494
0.002109704641350211 0.002064591456985641
0.002109704641350211 0.002064485780781187
0.002109704641350211 0.0020563274157162827
0.002109704641350211 0.0020469866544989878
0.002109704641350211 0.0020618417166368
0.002109704641350211 0.002072463395044404
0.002109704641350211 0.002055631423887025
0.002109704641350211 0.0020553231887216568
0.002109704641350211 0.0020528814525150032
0.002109704641350211 0.0020603880831732736
0.002109704641350211 0.0020510399738358663
0.002109704641350211 0.002061031521092398
0.002109704641350211 0.0020563015685489024
0.002109704641350211 0.0020527555671212205
0.002109704641350211 0.0020645454338981115
0.002109704641350211 0.002060781090757399
0.002109704641350211 0.0020474169179108565
0.002109704641350211 0.002045863618872766
0.002109704641350211 0.002042084120462896
0.002109704641350211 0.002036978844316777
0.002109704641350211 0.0020708027721648386
0.002109704641350211 0.002070642174804826
0.002109704641350211 0.0020490080283039184
0.002109704641350211 0.0020597560431722377
0.002109704641350211 0.0020590005476255444
0.0027548209366391185 0.0020451487257968303
0.0027548209366391185 0.0020654066786711858
0.0027548209366391185 0.0020712308440221593
0.0027548209366391185 0.002060761407191929
0.0027548209366391185 0.002100368229660366
0.0027548209366391185 0.002060716156316592
0.0027548209366391185 0.002088944531500581
0.0027548209366391185 0.0020966214263354
0.0027548209366391185 0.0021066021867674565
0.0027548209366391185 0.00214777855161721
0.0027548209366391185 0.002204791719469295
0.0027548209366391185 0.0022602722368655955
0.0027548209366391185 0.002316685535888459
0.0027548209366391185 0.002407597563458905
0.0027548209366391185 0.0024847427066343034
0.0027548209366391185 0.0025402768282360676
0.0027548209366391185 0.002608680938618636
0.0027548209366391185 0.002666119931598989
0.0027548209366391185 0.002684554394174372
0.0027548209366391185 0.002691940093410297
0.0027548209366391185 0.0027057964461763215
0.0027548209366391185 0.002701042754303496
0.0027548209366391185 0.0026715293465094606
0.0027548209366391185 0.0026976132764930244
0.0027548209366391185 0.0026899558484361455
0.0027548209366391185 0.0027063190292564267
0.0027548209366391185 0.0027133025363766114
0.0027548209366391185 0.002703541356306071
0.0027548209366391185 0.0027123733118889232
0.0027548209366391185 0.002714714017730069
0.0027548209366391185 0.002723085550107637
0.0027548209366391185 0.002700026679284935
0.0027548209366391185 0.002711007603796874
0.0027548209366391185 0.0027030966142351006
0.0027548209366391185 0.0027226352107648545
0.0027548209366391185 0.0027041805004077977
0.0027548209366391185 0.0026868604566275336
0.0027548209366391185 0.002691266324892477
0.0027548209366391185 0.002698078053647029
0.0027548209366391185 0.0027171881310719083
0.0027548209366391185 0.0027120317498735298
0.0027548209366391185 0.0027160193719352626
0.0027548209366391185 0.0027078552195189368
0.0027548209366391185 0.0026887011235297385
0.0027548209366391185 0.002702119041236419
0.0027548209366391185 0.0027064237302469054
0.0027548209366391185 0.002691027379646579
0.0027548209366391185 0.002711314327750492
0.0027548209366391185 0.0027004573558518513
0.0027548209366391185 0.0026983855602809538
0.0027548209366391185 0.0027096105456066244
0.0027548209366391185 0.0027027235569866276
0.0027548209366391185 0.0026952156702548507
0.0027548209366391185 0.0027159084194521388
0.0027548209366391185 0.0026951105232012715
0.0027548209366391185 0.002706066716650442
0.0027548209366391185 0.0027020102380849067
0.0027548209366391185 0.002700375557354333
0.0027548209366391185 0.0026970396464950186
0.0027548209366391185 0.002684743142276954
0.0027548209366391185 0.002710211884557788
0.0027548209366391185 0.002699717137607618
0.0027548209366391185 0.00269281283494014
0.0027548209366391185 0.0026999581277450165
0.0027548209366391185 0.0027094791920332087
0.0027548209366391185 0.00271344414877252
0.0027548209366391185 0.0026927129286594925
0.0027548209366391185 0.0026908042703852396
0.0027548209366391185 0.0027095665532181224
0.0027548209366391185 0.0026893825661916558
0.0027548209366391185 0.002713027468348124
0.0027548209366391185 0.0027225285631174456
0.0027548209366391185 0.002703183959925098
0.0027548209366391185 0.002687427321411455
0.0027548209366391185 0.0027107573895221687
0.0027548209366391185 0.002696483588019173
0.0027548209366391185 0.002717597114833105
0.0027548209366391185 0.0027102930315096524
0.0027548209366391185 0.0026940281006257124
0.0027548209366391185 0.002667075431566149
0.0027548209366391185 0.0027041638682920315
0.0027548209366391185 0.0026953873666231095
0.0027548209366391185 0.0027114013909588295
0.0027548209366391185 0.002695520358541818
0.0027548209366391185 0.0026971647230846197
0.0027548209366391185 0.0027014935204972786
0.0027548209366391185 0.0027126317736061215
0.0027548209366391185 0.0027040316399791577
0.0027548209366391185 0.0027152168724295773
0.0027548209366391185 0.0027136702119943024
0.0027548209366391185 0.002699391471292571
0.0027548209366391185 0.0026924359978941284
0.0027548209366391185 0.002701831494755556
0.0027548209366391185 0.002702401816614108
0.0027548209366391185 0.0027079169162610387
0.0027548209366391185 0.0026833074378192576
0.0027548209366391185 0.002705124280622559
0.0027548209366391185 0.002695959167986601
0.0027548209366391185 0.0026915721833995565
0.0027548209366391185 0.002701365968017451
0.0027548209366391185 0.002709273397837473
0.0027548209366391185 0.0027088848663423645
0.0027548209366391185 0.002694043660800413
0.0027548209366391185 0.0027162212038392333
0.0027548209366391185 0.00267599799109849
0.0027548209366391185 0.0027039942097134033
0.0027548209366391185 0.002703092867279637
0.0027548209366391185 0.002695839515691277
0.0027548209366391185 0.00268677193240579
0.0027548209366391185 0.0027013763879639423
0.0027548209366391185 0.0027064879464121553
0.0027548209366391185 0.0027127319537514744
0.0027548209366391185 0.002720396641995819
0.0027548209366391185 0.002722426057256339
0.0027548209366391185 0.0026958530128970456
0.0027548209366391185 0.0026749203594748144
0.0027548209366391185 0.0026985718716873003
0.0027548209366391185 0.0026974299765055794
0.0027548209366391185 0.002709365339500855
0.0027548209366391185 0.0026942578389353225
0.0027548209366391185 0.002703090462355407
0.0027548209366391185 0.0026829198667536426
0.0027548209366391185 0.002696982332636612
0.0027548209366391185 0.0026912589864266194
0.0027548209366391185 0.002700672278749168
0.0027548209366391185 0.0026985757283824836
0.0027548209366391185 0.0026790020199694577
0.0027548209366391185 0.002702145077589958
0.0027548209366391185 0.0026960101779957687
0.0027548209366391185 0.0027017511803767453
0.0027548209366391185 0.0027127135177571126
0.0027548209366391185 0.0027032178987479558
0.0027548209366391185 0.00269430125678772
0.0027548209366391185 0.0027087767627325464
0.0027548209366391185 0.0026785450679451483
0.0027548209366391185 0.0027134683623236426
0.0027548209366391185 0.0026961746252724622
0.0027548209366391185 0.002707004701724166
0.0027548209366391185 0.0027141046305092986
0.0027548209366391185 0.0026965322185648318
0.0027548209366391185 0.0027045107059452404
0.0027548209366391185 0.0026724492612636634
0.0027548209366391185 0.002698184686153593
0.0027548209366391185 0.002710325523161016
0.0027548209366391185 0.0027128973721427113
0.0027548209366391185 0.0026902645426893374
0.0027548209366391185 0.002701653382186176
0.0027548209366391185 0.0026820262642920046
0.0027548209366391185 0.002716344574399649
0.0027548209366391185 0.0026949225124605768
0.0027548209366391185 0.0026895271702307108
0.0027548209366391185 0.0027213806653265237
0.0027548209366391185 0.002708982917253602
0.0027548209366391185 0.002692258493007548
0.0027548209366391185 0.0026989042424524616
0.0027548209366391185 0.002686265423549582
0.0027548209366391185 0.002713459848140876
0.0027548209366391185 0.0026965695433973915
0.0027548209366391185 0.0027192782438511687
0.0027548209366391185 0.002688138842806078
0.0027548209366391185 0.0026931362041315524
0.0027548209366391185 0.0027059642740799336
0.0027548209366391185 0.0027201009223412945
0.0027548209366391185 0.0026883897611073124
0.0027548209366391185 0.0027112610372490016
0.0027548209366391185 0.0027060351131618305
0.0027548209366391185 0.002701282420047595
0.0027548209366391185 0.0026991311374937816
0.0027548209366391185 0.002701256930951118
0.0027548209366391185 0.002684827401070038
0.0027548209366391185 0.00268529956339366
0.0027548209366391185 0.0027011719835131442
0.0027548209366391185 0.0027186578289080158
0.0027548209366391185 0.0026857367962619468
0.0027548209366391185 0.0026883926650021635
0.0027548209366391185 0.002676921060507085
0.0027548209366391185 0.0026876125116345358
0.0027548209366391185 0.0026961976601436654
0.0027548209366391185 0.0027112661391551006
0.0027548209366391185 0.0027058767730071803
0.0027548209366391185 0.002687664652816161
0.0027548209366391185 0.002707827871079807
0.0027548209366391185 0.002708802361987721
0.0027548209366391185 0.0027080424465312477
0.0027548209366391185 0.0026868060693133744
0.0027548209366391185 0.0026928243665469533
0.0027548209366391185 0.002697676245368698
0.0027548209366391185 0.0027007545893011123
0.0027548209366391185 0.002707024206556322
0.0027548209366391185 0.0026975846022131785
0.0027548209366391185 0.0026725665329857293
0.0027548209366391185 0.0026880178320605242
0.0027548209366391185 0.0027018502845570463
0.0027548209366391185 0.002698270986060436
0.0027548209366391185 0.002704399821863984
0.0027548209366391185 0.002708023502731605
0.0027548209366391185 0.002695803756251221
0.0027548209366391185 0.0026847767635373014
0.0027548209366391185 0.002681533504558881
0.0027548209366391185 0.002701654572719063
0.0027548209366391185 0.0026975951595944164
0.0027548209366391185 0.002716495093446096
0.0027548209366391185 0.002691675816819964
0.0027548209366391185 0.0027032569059554624
0.0027548209366391185 0.0026990954363922417
0.0027548209366391185 0.0026943690672967483
0.0027548209366391185 0.002712755785958799
0.0027548209366391185 0.0027042572716530237
0.0027548209366391185 0.0027014932424988735
0.0027548209366391185 0.002671679719297975
0.0027548209366391185 0.002701091098131196
0.0027548209366391185 0.0027050302905396117
0.0027548209366391185 0.002694300497378743
0.0027548209366391185 0.002715605506595222
0.0027548209366391185 0.002693187416597082
0.0027548209366391185 0.002697653263422029
0.0027548209366391185 0.002689314410902322
0.0027548209366391185 0.0027103369537969726
0.0027548209366391185 0.002696829925528576
0.0027548209366391185 0.0026976283247624974
0.0027548209366391185 0.0027053238934597935
0.0027548209366391185 0.002670140061170976
0.0027548209366391185 0.0026965595050933446
0.0027548209366391185 0.002705441227265452
0.0027548209366391185 0.00270641200912079
0.0027548209366391185 0.0026880095886632413
0.0027548209366391185 0.002688590615176816
0.0027548209366391185 0.0026979207166150207
0.0027548209366391185 0.0026974349935210825
0.0027548209366391185 0.002703637151373507
0.0027548209366391185 0.0026996549261024553
0.0027548209366391185 0.002699950971796558
0.0027548209366391185 0.0026893502948139307
0.0027548209366391185 0.0026891856507102593
0.0027548209366391185 0.0027080866422352057
0.0027548209366391185 0.0026965831040153547
0.0027548209366391185 0.002721175894189134
0.0027548209366391185 0.0027000269601480625
0.0027548209366391185 0.0026743372939533536
0.0027548209366391185 0.0026990010229629453
0.0027548209366391185 0.002690285142930905
0.0027548209366391185 0.0027091076185282986
0.0027548209366391185 0.0027092243292830146
0.0027548209366391185 0.002697395513324555
0.0027548209366391185 0.002713021177597038
0.0027548209366391185 0.002691719110934446
0.0027548209366391185 0.0026865108577847747
0.0027548209366391185 0.002710128408484259
0.0027548209366391185 0.0026925064740113973
0.0027548209366391185 0.0027132125264171885
0.0027548209366391185 0.0027106954183232115
0.0027548209366391185 0.0026826310803997667
0.0027548209366391185 0.0026899763604303945
0.002932551319648094 0.002686137286367963
0.0027548209366391185 0.0027106169724476505
0.0027548209366391185 0.0026872000580807514
0.0027548209366391185 0.0027122472921825066
0.0027548209366391185 0.002709155210864245
0.0027548209366391185 0.002726607218521607
0.0027548209366391185 0.00271123278079405
0.0027548209366391185 0.0027272808374354217
0.0027548209366391185 0.0027108505044888868
0.0027548209366391185 0.002707831883513481
0.0027548209366391185 0.002694565963644144
0.0027548209366391185 0.002713344636936039
0.0027548209366391185 0.002712411086208055
0.0027548209366391185 0.0027092360725181723
0.0027548209366391185 0.002669872512332236
0.0027548209366391185 0.0027073546198585294
0.0027548209366391185 0.0026843054713631643
0.0027548209366391185 0.0026987817509094426
0.0027548209366391185 0.0027205791163759
0.0027548209366391185 0.002691621566362011
0.0027548209366391185 0.00267776035516146
0.0027548209366391185 0.0027100421608033474
0.0027548209366391185 0.0027153823116585077
0.0027548209366391185 0.002695806089457757
0.0027548209366391185 0.0026980326921112806
0.0027548209366391185 0.0026966111551521427
0.0027548209366391185 0.002700013376817206
0.0027548209366391185 0.002692815294811111
0.0027548209366391185 0.0027142630565876484
0.0027548209366391185 0.0027076548261843886
0.0027548209366391185 0.0026984150462392386
0.0027548209366391185 0.0027066096172671866
0.0027548209366391185 0.0026858737506496614
0.0027548209366391185 0.0026869396101988252
0.0027548209366391185 0.002699591265186002
0.0027548209366391185 0.002679567403483944
0.0027548209366391185 0.0027087578653388947
0.0027548209366391185 0.0027149973913137533
0.0027548209366391185 0.002697236898033923
0.0027548209366391185 0.0026835618548238
0.0027548209366391185 0.0026867871813224934
0.0027548209366391185 0.0026935660010672423
0.0027548209366391185 0.0026995545109529096
0.0027548209366391185 0.002700848514420858
0.0027548209366391185 0.0026896376693379053
0.0027548209366391185 0.002709449658975219
0.0027548209366391185 0.0027025334099856513
0.0027548209366391185 0.002704582839991611
0.0027548209366391185 0.002680350927228321
0.0027548209366391185 0.0027094785628294566
0.0027548209366391185 0.0026971330152010045
0.0027548209366391185 0.0026965569355262534
0.0027548209366391185 0.0027004886021903844
0.0027548209366391185 0.002696501181225969
0.0027548209366391185 0.0026985101655433
0.0027548209366391185 0.0027072048795397942
0.0027548209366391185 0.0027161955553912623
0.0027548209366391185 0.0027244617231406334
0.0027548209366391185 0.0027192579266190633
0.0027548209366391185 0.0027242543039030943
0.0027548209366391185 0.002726133250847482
0.0027548209366391185 0.0026761530848211576
0.0027548209366391185 0.002713599039112087
0.0027548209366391185 0.0027012028878770303
0.0027548209366391185 0.002677254297767991
0.0027548209366391185 0.002712790119162862
0.0027548209366391185 0.0027071203412205617
0.0027548209366391185 0.0027062695919685908
0.0027548209366391185 0.0026875832394481934
0.0027548209366391185 0.002689904260604958
0.0027548209366391185 0.0026973666212221936
0.0027548209366391185 0.002690213622486369
0.0027548209366391185 0.0026912188350483946
0.0027548209366391185 0.002707563977342642
0.0027548209366391185 0.002674882106567393
0.0027548209366391185 0.002703099067027458
0.0027548209366391185 0.002697999076890971
0.0027548209366391185 0.0026867985544653467
0.0027548209366391185 0.002701701601598464
0.0027548209366391185 0.0027035262853483738
0.0027548209366391185 0.002701588701447888
0.0027548209366391185 0.0027055070641963707
0.0027548209366391185 0.002693695835131462
0.0027548209366391185 0.00272134730610094
0.0027548209366391185 0.0027141243428689434
0.0027548209366391185 0.002713533711952456
0.0027548209366391185 0.002664934531780152
0.0027548209366391185 0.0027107665083153814
0.0027548209366391185 0.00269514584821172
0.0027548209366391185 0.0027033325656437863
0.0027548209366391185 0.0026812382569747386
0.0027548209366391185 0.0027038177868712794
0.0027548209366391185 0.002697403745364346
0.0027548209366391185 0.002679832469055686
0.0027548209366391185 0.0027165334216939056
0.0027548209366391185 0.0027129166066404455
0.0027548209366391185 0.002700634437129393
0.0027548209366391185 0.002692714733306455
0.0027548209366391185 0.0027107199920765146
0.0027548209366391185 0.0027031369134782666
0.0027548209366391185 0.0026940167567543103
0.0027548209366391185 0.002698224193624247
0.0027548209366391185 0.002682963489510061
0.0027548209366391185 0.00269555460615314
0.0027548209366391185 0.002704236235301564
0.0027548209366391185 0.002697993977482043
0.0027548209366391185 0.002697124321941933
0.0027548209366391185 0.0026828390384494435
0.0027548209366391185 0.0026916869275233164
0.0027548209366391185 0.002700256231826853
0.0027548209366391185 0.00270501989857127
0.0027548209366391185 0.002683455816028995
0.0027548209366391185 0.0026948471463734557
0.0027548209366391185 0.0027152138840762516
0.0027548209366391185 0.002708156954407911
0.0027548209366391185 0.0026868098312265967
0.0027548209366391185 0.002693146162830632
0.0027548209366391185 0.0027208327101632627
0.0027548209366391185 0.00268814494137391
0.0038910505836575876 0.002726043043089433
0.0038910505836575876 0.002707934509799618
0.0038910505836575876 0.0027089890938451736
0.0038910505836575876 0.0027311390468997047
0.0038910505836575876 0.002704779848877795
0.0038910505836575876 0.002737875132241374
0.0038910505836575876 0.002711755894206582
0.0038910505836575876 0.0026988289427591987
0.0038910505836575876 0.002754805675768947
0.0038910505836575876 0.002769481312708416
0.0038910505836575876 0.0028083173205445053
0.0038910505836575876 0.0028696438070598064
0.0038910505836575876 0.002939611787022928
0.0038910505836575876 0.0030821277322197463
0.0038910505836575876 0.0032419762302416067
0.0038910505836575876 0.003390815384518281
0.0038910505836575876 0.003616573457159502
0.0038910505836575876 0.003716925288868151
0.0038910505836575876 0.003741754064781589
0.0038910505836575876 0.0038292002633732295
0.0038910505836575876 0.0038019261180075505
0.0038910505836575876 0.0038539628085221796
0.0038910505836575876 0.0038308624905843665
0.0038910505836575876 0.0038324215305034315
0.0038910505836575876 0.0038035957842499084
0.0038910505836575876 0.0038438932475074474
0.0038910505836575876 0.003803338155086695
0.0038910505836575876 0.003826291179720423
0.0038910505836575876 0.003860519561596292
0.0038910505836575876 0.0038326341030618907
0.0038910505836575876 0.003838404363918608
0.0038910505836575876 0.0038171173648280364
0.0038910505836575876 0.0038168456869057624
0.0038910505836575876 0.003808710274964448
0.0038910505836575876 0.0038301731372207635
0.0038910505836575876 0.0038394714052519454
0.0038910505836575876 0.003815660068984758
0.0038910505836575876 0.003840016417101438
0.0038910505836575876 0.0038167484848974443
0.0038910505836575876 0.0038520168564294805
0.0038910505836575876 0.003850484051400049
0.0038910505836575876 0.0038278329667580766
0.0038910505836575876 0.0038242518062480075
0.0038910505836575876 0.003805337246265984
0.0038910505836575876 0.003836919047735562
0.0038910505836575876 0.003816310961096585
0.0038910505836575876 0.0038325832316216447
0.0038910505836575876 0.003853792007978678
0.0038910505836575876 0.003828122439033711
0.0038910505836575876 0.00382713687321636
0.0038910505836575876 0.0037977632592419357
0.0038910505836575876 0.0038325495110774267
0.0038910505836575876 0.0038551219119016948
0.0038910505836575876 0.0038522164940633583
0.0038910505836575876 0.0038150722019438263
0.0038910505836575876 0.0038041277162245146
0.0038910505836575876 0.0038334778409232946
0.0038910505836575876 0.0038443768510207903
0.0038910505836575876 0.003819276179932451
0.0038910505836575876 0.0038462448808374455
0.0038910505836575876 0.0038433552483731295
0.0038910505836575876 0.0038213186981058862
0.0038910505836575876 0.0038340558397473943
0.0038910505836575876 0.0038530166699395013
0.0038910505836575876 0.0038149171367906887
0.0038910505836575876 0.0038325863898693094
0.0038910505836575876 0.00382186005744877
0.0038910505836575876 0.0038362753781889724
0.0038910505836575876 0.0038196683419065504
0.0038910505836575876 0.0038482698214614046
0.0038910505836575876 0.003832134556588754
0.0038910505836575876 0.00379584596504382
0.0038910505836575876 0.003842517463233702
0.0038910505836575876 0.0038283578091755695
0.0038910505836575876 0.003843108176505869
0.0038910505836575876 0.003816265373219787
0.0038910505836575876 0.0038253580795451826
0.0038910505836575876 0.00384699556458593
0.0038910505836575876 0.003835650465943823
0.0038910505836575876 0.0038194403247122873
0.0038910505836575876 0.0038250976743521787
0.0038910505836575876 0.0038455955917824775
0.0038910505836575876 0.0038224250595357704
0.0038910505836575876 0.0038242608708371536
0.0038910505836575876 0.003844417709931604
0.0038910505836575876 0.003851589589311713
0.0038910505836575876 0.003832374002180954
0.0038910505836575876 0.0038309049796341533
0.0038910505836575876 0.0038139976885488472
0.0038910505836575876 0.0038586885831924053
0.0038910505836575876 0.0038301738081076304
0.0038910505836575876 0.0038469157821899927
0.0038910505836575876 0.0038278295233766233
0.0038910505836575876 0.003831860604842649
0.0038910505836575876 0.0038502636566587656
0.0038910505836575876 0.003844205892555789
0.0038910505836575876 0.0038118402163936937
0.0038910505836575876 0.003835912941053549
0.0038910505836575876 0.003849414465157736
0.0038910505836575876 0.003843237651143265
0.0038910505836575876 0.00384535886296962
0.0038910505836575876 0.0038405249404899187
0.0038910505836575876 0.0038488618128260594
0.0038910505836575876 0.003835284367729387
0.0038910505836575876 0.0038181119935924487
0.0038910505836575876 0.003813120466988211
0.0038910505836575876 0.0038052128995376185
0.0038910505836575876 0.003830097062418264
0.0038910505836575876 0.0038425560668967225
0.0038910505836575876 0.0038426780980020435
0.0038910505836575876 0.003823359897156735
0.0038910505836575876 0.0038579320235407255
0.0038910505836575876 0.0038607499123128144
0.0038910505836575876 0.003804333592134023
0.0038910505836575876 0.003843016220766156
0.0038910505836575876 0.0038302017472452584
0.0038910505836575876 0.0038490260356287657
0.0038910505836575876 0.003834285136789487
0.0038910505836575876 0.003829469370207368
0.0038910505836575876 0.003856006248777623
0.0038910505836575876 0.003855674112055254
0.0038910505836575876 0.0038371706908122897
0.0038910505836575876 0.0038501493131156907
0.0038910505836575876 0.0038518359389741407
0.0038910505836575876 0.003831332860862013
0.0038910505836575876 0.003835131101595959
0.0038910505836575876 0.003843623832871054
0.0038910505836575876 0.00383335141846894
0.0038910505836575876 0.0038337608758398827
0.0038910505836575876 0.0038302014940867733
0.0038910505836575876 0.0038493725558099235
0.0038910505836575876 0.0038293249490611203
0.0038910505836575876 0.0038373339976435716
0.0038910505836575876 0.0038102534173328436
0.0038910505836575876 0.003840114621647359
0.0038910505836575876 0.0038221937565128972
0.0038910505836575876 0.003816397775980804
0.0038910505836575876 0.0038288725034688414
0.0038910505836575876 0.003859388832716208
0.0038910505836575876 0.003838424653522129
0.0038910505836575876 0.0038459414438144174
0.0038910505836575876 0.003861341029106174
0.0038910505836575876 0.0038144897761568167
0.0038910505836575876 0.003822165185513218
0.0038910505836575876 0.0038377668540566954
0.0038910505836575876 0.003846407332029203
0.0038910505836575876 0.0038355806944630187
0.0038910505836575876 0.003825927413363068
0.0038910505836575876 0.00384662423734412
0.0038910505836575876 0.0038633345528842847
0.0038910505836575876 0.003810949153584266
0.0038910505836575876 0.003818172332874722
0.0038910505836575876 0.0038332150382240373
0.0038910505836575876 0.0038490548907648297
0.0038910505836575876 0.0038383915491610287
0.0038910505836575876 0.003837865168730053
0.0038910505836575876 0.0038519774360827107
0.0038910505836575876 0.003845978328574551
0.0038910505836575876 0.0038440536985953192
0.0038910505836575876 0.0037935123456961876
0.0038910505836575876 0.0038431289166402055
0.0038910505836575876 0.0038159497290393496
0.0038910505836575876 0.0038503159728331027
0.0038910505836575876 0.0038284195783165817
0.0038910505836575876 0.0038298882923722697
0.0038910505836575876 0.0038256409208088146
0.0038910505836575876 0.003851311158059252
0.0038910505836575876 0.0038400274357064047
0.0038910505836575876 0.0038326043664877615
0.0038910505836575876 0.003851816347417381
0.0038910505836575876 0.003838676979974356
0.0038910505836575876 0.0038348284888131564
0.0038910505836575876 0.0038363180190401475
0.0038910505836575876 0.003829770481571181
0.0038910505836575876 0.003824599218199149
0.0038910505836575876 0.003826444074673058
0.0038910505836575876 0.003849672337108218
0.0038910505836575876 0.003834158853445766
0.0038910505836575876 0.0038298657075862687
0.0038910505836575876 0.003835150331107378
0.0038910505836575876 0.003856002429232072
0.0038910505836575876 0.003833554398717097
0.0038910505836575876 0.0038219625885648465
0.0038910505836575876 0.0038330550969740496
0.0038910505836575876 0.003841442246322662
0.0038910505836575876 0.003828193917748091
0.0038910505836575876 0.00382539634051981
0.0038910505836575876 0.003849166355226369
0.0038910505836575876 0.0038208265180774163
0.0038910505836575876 0.0038412360903928478
0.0038910505836575876 0.0038174255949378795
0.0038910505836575876 0.0038323877082826513
0.0038910505836575876 0.003824491466991485
0.0038910505836575876 0.0038334653454190847
0.0038910505836575876 0.0038377556405020338
0.0038910505836575876 0.00382166553795137
0.0038910505836575876 0.003849760371612581
0.0038910505836575876 0.0038374753726905194
0.0038910505836575876 0.0038454278133454585
0.0038910505836575876 0.003859040480079054
0.0038910505836575876 0.0038119348844181437
0.0038910505836575876 0.0038252547890140973
0.0038910505836575876 0.0038325613270034694
0.0038910505836575876 0.003836997727928466
0.0038910505836575876 0.003830331121115085
0.0038910505836575876 0.0038494321760062936
0.0038910505836575876 0.0038431206090065832
0.0038910505836575876 0.0038439534426040574
0.0038910505836575876 0.0038467122200152126
0.0038910505836575876 0.0038345011447275517
0.0038910505836575876 0.0038284821245106373
0.0038910505836575876 0.0038419333360591025
0.0038910505836575876 0.003836155823697174
0.0038910505836575876 0.0038159983059380476
0.0038910505836575876 0.0038497306203672146
0.0038910505836575876 0.003824692670402925
0.0038910505836575876 0.0038202439939880534
0.0038910505836575876 0.003833707696505468
0.0038910505836575876 0.0038481382505627265
0.0038910505836575876 0.0038488994443878054
0.0038910505836575876 0.0038315696254611876
0.0038910505836575876 0.003824226216725889
0.0038910505836575876 0.0038416449264169895
0.0038910505836575876 0.003823370202059433
0.0038910505836575876 0.0038276025989893354
0.0038910505836575876 0.00384444343954213
0.0038910505836575876 0.003807921404213581
0.0038910505836575876 0.003850384026456158
0.0038910505836575876 0.0038217385879132414
0.0038910505836575876 0.00382015040550679
0.0038910505836575876 0.0038306964256635996
0.0038910505836575876 0.003844025466917438
0.0038910505836575876 0.003830355084472746
0.0038910505836575876 0.0038427490484850358
0.0038910505836575876 0.003820399742972738
0.0038910505836575876 0.003852463689311284
0.0038910505836575876 0.0038166061357558768
0.0038910505836575876 0.003838940936042777
0.0038910505836575876 0.0038459248960699575
0.0038910505836575876 0.00382417696838645
0.0038910505836575876 0.0038470797620175985
0.0038910505836575876 0.0038201483350915775
0.0038910505836575876 0.0038431489361394756
0.0038910505836575876 0.0038286527158592344
0.0038910505836575876 0.0038264013502466248
0.0038910505836575876 0.0038312400762787226
0.0038910505836575876 0.003828541926047511
0.0038910505836575876 0.0038389125910982553
0.0038910505836575876 0.003829175988444744
0.0038910505836575876 0.003840311882709693
0.0038910505836575876 0.0038221645451378735
0.0038910505836575876 0.003821264477835493
0.0038910505836575876 0.0038329890794049286
0.0038910505836575876 0.0038205130075468514
0.0038910505836575876 0.0038407261584507218
0.0038910505836575876 0.00380935002995372
0.0038910505836575876 0.0038459968789218988
0.0038910505836575876 0.0038114307744379653
0.0038910505836575876 0.003832737034236389
0.0038910505836575876 0.0038553165611712654
0.0038910505836575876 0.0038355114451836384
0.0038910505836575876 0.0038308982460931347
0.0038910505836575876 0.0038220707469320773
0.0038910505836575876 0.0038365084533920906
0.0038910505836575876 0.0038470472364087456
0.0038910505836575876 0.0038256122926609453
0.0038910505836575876 0.0038598700876013156
0.0038910505836575876 0.0038418202252527493
0.0038910505836575876 0.0038201759880740543
0.0038910505836575876 0.0038225912494901353
0.0038910505836575876 0.0038074631657195913
0.0038910505836575876 0.003836515667841289
0.0038910505836575876 0.003823693548723403
0.0038910505836575876 0.003835723908438962
0.0038910505836575876 0.003861658438878305
0.0038910505836575876 0.003839915389644275
0.0038910505836575876 0.0038292081933703277
0.0038910505836575876 0.003838520193472908
0.0038910505836575876 0.003855147888047447
0.0038910505836575876 0.0038460647410208876
0.0038910505836575876 0.003822902987495363
0.0038910505836575876 0.0038433414762246644
0.0038910505836575876 0.003835990539419258
0.0038910505836575876 0.0038243808168068297
0.0038910505836575876 0.0038437328773052713
0.0038910505836575876 0.0038428149150053098
0.0038910505836575876 0.0038531558141847483
0.0038910505836575876 0.0038338237383196577
0.0038910505836575876 0.003836738356677324
0.0038910505836575876 0.0038430670823887433
0.0038910505836575876 0.0038324771502069826
0.0038910505836575876 0.0038265076217187505
0.0038910505836575876 0.0038280904784747127
0.0038910505836575876 0.0037996966044640088
0.0038910505836575876 0.0038106659476014365
0.0038910505836575876 0.003834028626444536
0.0038910505836575876 0.0038555572281855953
0.0038910505836575876 0.0038432549847438983
0.0038910505836575876 0.0038189704889005434
0.0038910505836575876 0.0038537998109082735
0.0038910505836575876 0.0038169435875563466
0.0038910505836575876 0.0038458134506014164
0.0038910505836575876 0.0038386154632012027
0.0038910505836575876 0.003836907439265383
0.0038910505836575876 0.003822156377102134
0.0038910505836575876 0.0038389119334105515
0.0038910505836575876 0.0038227589860142424
0.0038910505836575876 0.003821144863447862
0.0038910505836575876 0.0038171471515580113
0.0038910505836575876 0.0038561867472408336
0.0038910505836575876 0.003808926591752173
0.0038910505836575876 0.0038464868830744826
0.0038910505836575876 0.003845780287016265
0.0038910505836575876 0.0038300894714850273
0.0038910505836575876 0.0038378693370210142
0.0038910505836575876 0.0038440621407123928
0.0038910505836575876 0.0038421614391032826
0.0038910505836575876 0.0038331817449532065
0.0038910505836575876 0.003814118850732719
0.0038910505836575876 0.0038412784266554875
0.0038910505836575876 0.0038466144658915098
0.0038910505836575876 0.0038334803806733485
0.0038910505836575876 0.0038486292535467024
0.0038910505836575876 0.0038318859718168303
0.0038910505836575876 0.0038166747488697435
0.0038910505836575876 0.0038241108567495506
0.0038910505836575876 0.003829708441400027
0.0038910505836575876 0.003858500876187055
0.0038910505836575876 0.003833264205948688
0.0038910505836575876 0.003844881246554026
0.0038910505836575876 0.0038520408660453424
0.0038910505836575876 0.0038314153790373487
0.0038910505836575876 0.0038293379508182656
0.0038910505836575876 0.0038407745407471553
0.0038910505836575876 0.0038402785811306136
0.0038910505836575876 0.0038380890964515406
0.0038910505836575876 0.003803049287412312
0.0038910505836575876 0.0038180049825352756
0.0038910505836575876 0.003815686283702376
0.0038910505836575876 0.003818318149077568
0.0038910505836575876 0.003813072055029979
0.0038910505836575876 0.0038686235006801586
0.0038910505836575876 0.003824007260139593
0.0038910505836575876 0.0038317922959506087
0.0038910505836575876 0.0038298281212475033
0.0038910505836575876 0.0038251045459684464
0.0038910505836575876 0.003825040252826633
0.0038910505836575876 0.003817252710584696
0.0038910505836575876 0.0038323449252482406
0.0038910505836575876 0.003854892498869478
0.0038910505836575876 0.00384236162246041
0.0038910505836575876 0.003831594695990791
0.0038910505836575876 0.0038344825279596965
0.0038910505836575876 0.0038282471442718908
0.0038910505836575876 0.003830642988732648
0.0038910505836575876 0.0038229292333164556
0.0038910505836575876 0.0038390267648310615
0.0038910505836575876 0.00382753467241909
0.0038910505836575876 0.0038361384712320254
0.0038910505836575876 0.0038426182290367413
0.0038910505836575876 0.003813923948116306
0.0038910505836575876 0.0038168734489431922
0.0038910505836575876 0.0038526820535642377
0.0038910505836575876 0.0038116711877099856
0.0038910505836575876 0.003838602068446907
0.0038910505836575876 0.003798359175728464
0.0038910505836575876 0.003846983691241705
0.0038910505836575876 0.0038268103107348605
0.0038910505836575876 0.003844288491964166
0.0038910505836575876 0.0038412445852427342
0.0038910505836575876 0.0038656146095682924
0.0038910505836575876 0.0038356949380641083
0.0038910505836575876 0.0038193416734071902
0.0038910505836575876 0.0038244635010607018
0.0038910505836575876 0.00382827251002028
0.0038910505836575876 0.0038601285917563236
0.0038910505836575876 0.0038192452711271617
0.0038910505836575876 0.0038227326946452585
0.0038910505836575876 0.0038432394884144266
0.0038910505836575876 0.0038374436491235083
0.0038910505836575876 0.0038222943018046992
0.0038910505836575876 0.003836094502195781
0.0038910505836575876 0.003858932984128693
0.0038910505836575876 0.0038122086268791815
0.0038910505836575876 0.003831182716197501
0.0038910505836575876 0.0038407090323045803
0.0038910505836575876 0.003839340365638581
0.0038910505836575876 0.0038074747969605778
0.0038910505836575876 0.003823305830428177
0.0038910505836575876 0.003828480202714741
0.0038910505836575876 0.0038179472786720728
0.0038910505836575876 0.0038341291529300292
0.0038910505836575876 0.0038316513880259457
0.0038910505836575876 0.003849135698793509
0.0038910505836575876 0.0038491816708774735
0.0038910505836575876 0.0038429188337734616
0.0038910505836575876 0.003838875915530518
0.0038910505836575876 0.0038028022900532094
0.0038910505836575876 0.0038563070223595138
0.0038910505836575876 0.0038434505800529657
0.0038910505836575876 0.0038457612678317278
0.0038910505836575876 0.003816014626218993
0.0038910505836575876 0.003824105550373054
0.0038910505836575876 0.0038257348285584084
0.0038910505836575876 0.0038383990136066663
0.0038910505836575876 0.0038271158490704436
0.0038910505836575876 0.003853360080780168
0.0038910505836575876 0.003836860978022945
0.0038910505836575876 0.0038240512112643343
0.0038910505836575876 0.0038436508534009867
0.0038910505836575876 0.0038318185386287105
0.0038910505836575876 0.003858901808719754
0.0038910505836575876 0.0038290700388209442
0.0038910505836575876 0.0038391152684451343
0.0038910505836575876 0.0038271131014681967
0.0038910505836575876 0.003827237736090879
0.0038910505836575876 0.003794324618516513
0.0038910505836575876 0.0038228335594688496
0.0038910505836575876 0.003829188102348195
0.0038910505836575876 0.003820272798192194
0.0038910505836575876 0.0038525937218418485
0.0038910505836575876 0.003811702193276943
0.0038910505836575876 0.003811675007838357
