16.279550552368164 10.682998498280844
18.32532501220703 11.072731208801269
18.276687622070312 12.675769742329916
28.34495735168457 14.5449125846227
29.124177932739258 17.530702408154806
28.34495735168457 18.302030102411905
28.34495735168457 18.586366764704387
32.304534912109375 19.960316975911457
32.304534912109375 21.92635440826416
32.304534912109375 23.406177886327107
36.467342376708984 25.319285758336385
48.36227035522461 27.018319654464722
48.13689422607422 27.772341791788737
48.13689422607422 32.081763458251956
55.683963775634766 37.915967337290446
64.59223175048828 42.52685238520304
64.59223175048828 41.824073282877606
48.36227035522461 40.47308057149251
68.21821594238281 40.245483271280925
68.21821594238281 45.72339989344279
60.70152282714844 47.547196547190346
60.70152282714844 44.99059960047404
60.70152282714844 46.72437512079875
91.81666564941406 47.79595705668132
54.29369354248047 48.166793251037596
52.01531982421875 46.8212054570516
52.971153259277344 47.394965108235674
52.01531982421875 46.86253019968669
52.01531982421875 47.69436140060425
61.79087829589844 47.68071231842041
55.58407974243164 47.43517910639445
52.01531982421875 46.00858265558879
55.73403549194336 47.402345720926924
55.73403549194336 48.19248094558716
55.73403549194336 48.83355897267659
52.01531982421875 49.7483907699585
57.120967864990234 50.051953379313154
58.193660736083984 49.60022767384847
60.820655822753906 50.142221768697105
65.96726989746094 49.78110882441203
81.49407958984375 51.869765790303546
85.5434799194336 53.449852275848386
81.49407958984375 56.38852961858114
81.49407958984375 66.17425066630045
112.27581787109375 69.04422187805176
112.27581787109375 71.61491044362386
112.27581787109375 76.63210461934408
112.27581787109375 80.72355715433757
112.27581787109375 81.69007110595703
112.27581787109375 83.26598269144694
112.27581787109375 84.43001340230306
112.27581787109375 80.8341142654419
113.61366271972656 85.04649518330892
113.61366271972656 84.08958848317464
113.61366271972656 88.13923606872558
113.61366271972656 93.00558115641276
113.61366271972656 95.92776743570964
113.61366271972656 101.74316813151042
113.61366271972656 101.73967946370443
113.61366271972656 106.92099177042643
113.61366271972656 108.780020459493
113.61366271972656 109.27942040761312
113.61366271972656 111.28143119812012
117.0467529296875 110.18393519719442
113.61366271972656 113.61366271972656
114.66466522216797 113.63117942810058
113.61366271972656 113.61366271972656
113.61366271972656 113.61366271972656
113.61366271972656 112.41451346079508
113.61366271972656 113.10011177062988
113.61366271972656 112.06912899017334
113.61366271972656 111.49189732869466
113.61366271972656 113.61366271972656
113.61366271972656 109.6257999420166
113.61366271972656 112.32433535257975
113.61366271972656 111.05010267893473
113.61366271972656 111.28565311431885
113.61366271972656 112.5699062983195
113.61366271972656 110.30050837198893
113.61366271972656 111.52614987691244
113.61366271972656 113.61366271972656
113.61366271972656 112.47933540344238
113.61366271972656 111.5880079905192
125.07820129394531 110.37313022613526
125.07820129394531 113.48816655476888
125.07820129394531 111.80788847605388
125.07820129394531 114.39179859161376
125.07820129394531 113.19826285044353
125.07820129394531 113.34179706573487
125.07820129394531 113.1306531270345
125.07820129394531 116.39233163197835
125.07820129394531 115.71549479166667
125.07820129394531 117.05302429199219
125.07820129394531 115.52441914876302
125.07820129394531 114.13969427744547
125.07820129394531 114.1868896484375
125.07820129394531 114.5690409342448
125.07820129394531 113.90312099456787
125.07820129394531 114.5690409342448
113.61366271972656 112.14033664067587
113.61366271972656 113.37148056030273
113.61366271972656 113.61366271972656
113.61366271972656 113.61366271972656
113.61366271972656 110.93514010111491
113.61366271972656 110.86094144185384
113.61366271972656 113.61366271972656
113.61366271972656 110.98356946309407
113.61366271972656 112.3689317703247
113.61366271972656 110.59298896789551
113.61366271972656 111.07840919494629
113.61366271972656 109.98314488728842
113.61366271972656 111.61327934265137
113.61366271972656 108.04354511896769
122.24112701416016 113.75745379130045
122.24112701416016 111.54421780904134
113.61366271972656 112.42397727966309
113.61366271972656 111.01938845316569
113.61366271972656 113.04353218078613
113.61366271972656 113.61366271972656
113.61366271972656 112.17126461664836
113.61366271972656 112.49441757202149
113.61366271972656 112.63704579671224
113.61366271972656 112.2732141494751
113.61366271972656 113.61366271972656
113.61366271972656 113.61366271972656
113.61366271972656 111.055131149292
113.61366271972656 113.61366271972656
113.61366271972656 110.68405717213949
113.61366271972656 113.61366271972656
113.61366271972656 112.52676900227864
113.61366271972656 112.44787979125977
113.61366271972656 110.39597263336182
113.61366271972656 112.11433130900065
113.61366271972656 112.30236632029215
113.61366271972656 113.61366271972656
113.61366271972656 111.09083544413248
113.61366271972656 112.83258158365885
113.61366271972656 112.19284197489421
113.61366271972656 113.61366271972656
113.61366271972656 113.61366271972656
113.61366271972656 112.86590042114258
113.61366271972656 111.95685590108236
113.61366271972656 111.60829645792643
113.61366271972656 110.84006112416586
113.61366271972656 111.1931713104248
113.61366271972656 110.22642720540365
113.61366271972656 108.3015204111735
113.61366271972656 110.82576510111491
113.61366271972656 107.05876286824544
115.09053039550781 110.75883433024089
113.61366271972656 111.82749404907227
113.61366271972656 112.45615450541179
113.61366271972656 112.19170405069987
113.61366271972656 112.86336402893066
113.61366271972656 111.19740931193034
113.61366271972656 110.66115741729736
113.61366271972656 106.30244286855061
113.61366271972656 110.68257703781128
113.61366271972656 109.84310220082601
113.61366271972656 112.25627479553222
113.61366271972656 112.95937881469726
113.61366271972656 112.91355921427409
113.61366271972656 112.5497704188029
113.61366271972656 113.61366271972656
113.61366271972656 113.61366271972656
113.61366271972656 108.68957754770915
113.61366271972656 113.28753344217937
113.61366271972656 113.61366271972656
113.61366271972656 113.61366271972656
113.61366271972656 113.61366271972656
113.61366271972656 113.61366271972656
113.61366271972656 110.63213183085124
113.61366271972656 108.70875250498453
113.61366271972656 111.58608786265056
113.61366271972656 112.27829538981119
113.61366271972656 112.44218311309814
113.61366271972656 112.28984101613362
113.61366271972656 110.67044639587402
113.61366271972656 113.61366271972656
113.61366271972656 113.61366271972656
113.61366271972656 112.32380561828613
113.61366271972656 112.16313727696736
113.61366271972656 113.61366271972656
113.61366271972656 111.13219588597616
113.61366271972656 112.94686826070149
113.61366271972656 112.7910582224528
113.61366271972656 112.26246840159098
113.61366271972656 112.27440141042074
113.61366271972656 113.61366271972656
113.61366271972656 112.38737398783366
113.61366271972656 113.23134892781576
113.61366271972656 110.78141702016195
113.61366271972656 113.61366271972656
113.61366271972656 111.16639347076416
113.61366271972656 110.99200592041015
113.61366271972656 112.66949272155762
113.61366271972656 113.61366271972656
113.61366271972656 109.21862277984619
113.61366271972656 103.46073563893636
113.61366271972656 109.12595698038737
113.61366271972656 111.23837966918946
113.61366271972656 108.78707135518393
113.61366271972656 106.60047232309977
113.61366271972656 109.65718415578206
113.61366271972656 113.61366271972656
113.61366271972656 112.62937768300374
113.61366271972656 113.61366271972656
113.61366271972656 113.61366271972656
113.61366271972656 113.13508453369141
113.61366271972656 113.61366271972656
113.61366271972656 112.66514975229899
113.61366271972656 112.3579142888387
113.61366271972656 112.80341313680013
113.61366271972656 113.61366271972656
113.61366271972656 112.12438249588013
113.61366271972656 112.14283034006755
113.61366271972656 113.61366271972656
113.61366271972656 112.3658893585205
113.61366271972656 111.20058453877768
113.61366271972656 113.61366271972656
113.61366271972656 111.03584289550781
113.61366271972656 111.40058809916178
113.61366271972656 113.61366271972656
113.61366271972656 112.57412192026774
115.09053039550781 111.7161760965983
113.61366271972656 113.52882537841796
113.61366271972656 113.61366271972656
113.61366271972656 112.34802722930908
113.61366271972656 113.3315486907959
113.61366271972656 111.0741852124532
113.61366271972656 109.8330592473348
113.61366271972656 113.61366271972656
113.61366271972656 113.61366271972656
113.61366271972656 111.61827964782715
113.61366271972656 113.09827054341635
113.61366271972656 110.63212464650472
113.61366271972656 109.90373293558757
113.61366271972656 113.61366271972656
113.61366271972656 113.61366271972656
113.61366271972656 111.59900328318278
113.61366271972656 110.36779479980468
113.61366271972656 109.53710123697917
113.61366271972656 109.28202336629232
113.61366271972656 112.564986038208
113.61366271972656 112.564986038208
113.61366271972656 109.98530883789063
125.84009552001953 110.80748647054037
136.66207885742188 114.56531219482422
125.84009552001953 109.2273488998413
113.61366271972656 109.9381217956543
113.61366271972656 110.92690696716309
113.61366271972656 112.7416613260905
113.61366271972656 111.16941064198812
113.61366271972656 111.80845203399659
113.61366271972656 112.52676900227864
113.61366271972656 112.2203135172526
113.61366271972656 112.62698268890381
113.61366271972656 112.62698268890381
113.61366271972656 112.0929360071818
113.61366271972656 113.61366271972656
113.61366271972656 113.2923048655192
132.14552307128906 113.49550221761068
136.8129119873047 114.78080539703369
136.8129119873047 111.90162862141928
136.8129119873047 116.63145580291749
136.8129119873047 117.11856129964193
136.8129119873047 118.76535886128744
136.8129119873047 123.04596417744955
164.61155700683594 126.6794537862142
164.61155700683594 132.08507334391277
164.61155700683594 129.16077136993408
164.61155700683594 123.3816499710083
164.61155700683594 133.94171600341798
188.37765502929688 134.192702738444
188.37765502929688 136.21106033325196
188.37765502929688 138.25738754272462
188.37765502929688 152.09069913228353
188.37765502929688 158.3693753560384
188.37765502929688 166.12120507558186
188.37765502929688 169.755397605896
188.37765502929688 172.35678876241047
188.37765502929688 180.23234481811522
188.37765502929688 185.83763275146484
188.37765502929688 185.16683514912924
188.37765502929688 187.55645751953125
188.37765502929688 183.24989941914876
188.37765502929688 188.37765502929688
188.37765502929688 188.37765502929688
188.37765502929688 183.65933850606282
188.37765502929688 180.77354106903076
188.37765502929688 188.37765502929688
188.37765502929688 188.37765502929688
188.37765502929688 187.22253761291503
188.37765502929688 186.3056630452474
188.37765502929688 188.37765502929688
188.37765502929688 184.69290974934896
188.37765502929688 180.85861628850301
188.37765502929688 185.7548838297526
188.37765502929688 185.93548692067463
188.37765502929688 188.37765502929688
188.37765502929688 186.51404660542806
188.37765502929688 185.81444346110027
188.37765502929688 188.37765502929688
188.37765502929688 185.73763443628948
188.37765502929688 188.37765502929688
188.37765502929688 188.37765502929688
188.37765502929688 184.78392429351806
188.37765502929688 183.70047442118326
188.37765502929688 183.48750292460124
188.37765502929688 188.37765502929688
188.37765502929688 188.37765502929688
188.37765502929688 184.27529652913412
188.37765502929688 188.37765502929688
188.37765502929688 182.83978691101075
188.37765502929688 188.37765502929688
188.37765502929688 185.84869105021158
188.37765502929688 183.71362648010253
188.37765502929688 186.00772749582927
188.37765502929688 186.10677216847736
188.37765502929688 186.12050291697184
188.37765502929688 185.81364040374757
188.37765502929688 186.14094479878744
188.37765502929688 188.37765502929688
188.37765502929688 185.80934244791666
188.37765502929688 186.17535730997722
188.37765502929688 188.37765502929688
188.37765502929688 183.5801134109497
188.37765502929688 188.37765502929688
188.37765502929688 188.37765502929688
188.37765502929688 188.37765502929688
188.37765502929688 186.0350471496582
188.37765502929688 185.81541010538737
188.37765502929688 188.37765502929688
188.37765502929688 183.87016232808432
188.37765502929688 185.86863638559979
188.37765502929688 188.37765502929688
188.37765502929688 186.45110727945965
188.37765502929688 182.54013347625732
188.37765502929688 185.29463698069256
188.37765502929688 185.23077805836996
188.37765502929688 187.7604632059733
188.37765502929688 185.82642815907795
188.37765502929688 183.7308573404948
188.37765502929688 185.9616263707479
188.37765502929688 188.37765502929688
188.37765502929688 188.37765502929688
188.37765502929688 185.8842191696167
188.37765502929688 185.6707620302836
188.37765502929688 188.37765502929688
188.37765502929688 188.37765502929688
188.37765502929688 178.5502955118815
188.37765502929688 186.53487294514974
188.37765502929688 185.8782118479411
188.37765502929688 185.68020963668823
188.37765502929688 188.37765502929688
188.37765502929688 184.19573478698732
188.37765502929688 188.37765502929688
188.37765502929688 181.70691458384195
188.37765502929688 179.3173489888509
188.37765502929688 186.8672664642334
188.37765502929688 188.37765502929688
188.37765502929688 188.37765502929688
188.37765502929688 186.83083775838216
188.37765502929688 188.37765502929688
188.37765502929688 188.37765502929688
188.37765502929688 183.8224095026652
188.37765502929688 183.56884956359863
188.37765502929688 186.34218304951986
188.37765502929688 185.84725036621094
188.37765502929688 188.37765502929688
188.37765502929688 183.56886927286783
188.37765502929688 188.37765502929688
188.37765502929688 188.37765502929688
188.37765502929688 185.97874997456867
188.37765502929688 186.23796691894532
188.37765502929688 186.0009059270223
188.37765502929688 182.3261515299479
188.37765502929688 185.01054204305012
188.37765502929688 185.94406814575194
188.37765502929688 188.37765502929688
188.37765502929688 185.9491720199585
188.37765502929688 188.37765502929688
188.37765502929688 188.37765502929688
188.37765502929688 188.37765502929688
188.37765502929688 185.7248029390971
188.37765502929688 186.15905952453613
188.37765502929688 188.37765502929688
188.37765502929688 186.21572507222493
188.37765502929688 186.19180170694986
188.37765502929688 186.04532521565756
188.37765502929688 188.37765502929688
188.37765502929688 188.37765502929688
188.37765502929688 188.37765502929688
188.37765502929688 186.02055587768555
188.37765502929688 188.37765502929688
188.37765502929688 188.37765502929688
188.37765502929688 188.37765502929688
188.37765502929688 185.9742623011271
188.37765502929688 188.37765502929688
188.37765502929688 185.9583464940389
188.37765502929688 186.32533009847006
188.37765502929688 185.95360590616863
188.37765502929688 183.23761234283447
188.37765502929688 183.54742164611815
188.37765502929688 188.37765502929688
188.37765502929688 178.60237350463868
188.37765502929688 186.16194286346436
188.37765502929688 186.23796691894532
188.37765502929688 188.37765502929688
188.37765502929688 188.37765502929688
188.37765502929688 188.37765502929688
188.37765502929688 185.73001960118611
188.37765502929688 185.71348778406778
188.37765502929688 186.7000762939453
188.37765502929688 188.37765502929688
188.37765502929688 186.0208523432414
188.37765502929688 188.37765502929688
188.37765502929688 188.37765502929688
188.37765502929688 181.5235556602478
188.37765502929688 188.37765502929688
188.37765502929688 188.37765502929688
188.37765502929688 188.37765502929688
188.37765502929688 188.37765502929688
188.37765502929688 183.47270609537762
188.37765502929688 185.9838307062785
188.37765502929688 188.37765502929688
188.37765502929688 185.8644297917684
188.37765502929688 186.00231711069742
188.37765502929688 188.37765502929688
188.37765502929688 188.37765502929688
188.37765502929688 186.20610383351644
188.37765502929688 179.580398050944
188.37765502929688 182.7061247507731
188.37765502929688 188.37765502929688
188.37765502929688 181.5309102376302
188.37765502929688 188.37765502929688
188.37765502929688 186.11974957784017
188.37765502929688 188.37765502929688
188.37765502929688 188.37765502929688
188.37765502929688 186.71576347351075
188.37765502929688 183.32072772979737
188.37765502929688 188.37765502929688
188.37765502929688 188.37765502929688
188.37765502929688 185.84314606984455
188.37765502929688 186.74596532185873
188.37765502929688 188.37765502929688
188.37765502929688 188.37765502929688
188.37765502929688 186.03813393910727
188.37765502929688 188.37765502929688
188.37765502929688 183.39604886372885
