19.419160842895508 9.624036881923676
20.031108856201172 10.529525227546692
22.43484115600586 11.360194082260131
24.652446746826172 12.52079793691635
29.961929321289062 14.110074262619019
24.613285064697266 14.637648968696594
29.990924835205078 15.337680900096894
30.28402328491211 15.478097631931306
44.94289016723633 17.929864299297332
49.720218658447266 21.287574920654297
51.13551712036133 28.936261973381043
58.248355865478516 37.985558276176455
67.69661712646484 44.45411391735077
77.03697967529297 47.277042922973635
77.03697967529297 51.807947092056274
77.03697967529297 55.84463812828064
87.53707885742188 57.89178511619568
87.53707885742188 59.24415008544922
93.54905700683594 60.06092039108276
97.21764373779297 62.54905022621155
97.21764373779297 66.97259366989135
97.21764373779297 69.69589071273803
97.21764373779297 74.96768494606017
97.21764373779297 79.19074712753296
117.49052429199219 81.80808912277222
117.49052429199219 83.13609802246094
124.57537841796875 87.13112812042236
142.47413635253906 90.86352140426635
142.47413635253906 97.85257734298706
142.47413635253906 101.13119526863098
142.47413635253906 104.81558899879455
142.47413635253906 108.68777551651002
144.1308135986328 114.59510446548462
167.9573211669922 124.44296361923217
142.47413635253906 127.70406736373901
142.47413635253906 130.72568984985352
142.47413635253906 133.3179501056671
142.47413635253906 134.90432514190672
142.47413635253906 136.05397292137147
142.47413635253906 137.07704940795898
142.47413635253906 138.78586017608643
142.47413635253906 141.1891204071045
142.47413635253906 139.3126861190796
142.47413635253906 138.94959758758546
142.47413635253906 137.50726022720337
142.47413635253906 139.88001647949218
142.47413635253906 139.3987566947937
142.47413635253906 140.68100925445557
142.47413635253906 140.70579372406007
142.47413635253906 141.1569462776184
142.47413635253906 141.4793358516693
142.47413635253906 141.00490694046022
142.47413635253906 140.28226892471312
142.47413635253906 141.10794647216798
142.47413635253906 142.2910248184204
142.47413635253906 142.47413635253906
142.47413635253906 141.52834594726562
142.47413635253906 142.47413635253906
142.47413635253906 141.44813844680786
142.47413635253906 141.05237796783447
142.47413635253906 142.06467990875245
142.47413635253906 141.1065672302246
142.47413635253906 140.0365510749817
142.47413635253906 139.60656482696533
142.47413635253906 141.52204055786132
142.47413635253906 140.8868273925781
142.47413635253906 140.71691612243652
142.47413635253906 139.91378999710082
142.47413635253906 141.38999317169188
142.47413635253906 140.48976137161256
142.47413635253906 140.64442932128907
142.47413635253906 139.22180120468138
142.47413635253906 140.24480447769164
142.47413635253906 139.9173178100586
209.02615356445312 141.20158756256103
209.02615356445312 141.2290410041809
209.02615356445312 145.48082829475402
209.02615356445312 152.86050701141357
209.02615356445312 165.28946376800536
209.02615356445312 173.2566438293457
209.02615356445312 187.61320014953614
209.02615356445312 199.1660661315918
209.02615356445312 203.96053218841553
209.02615356445312 205.1616865348816
209.02615356445312 206.85503551483154
209.02615356445312 206.5747846031189
209.02615356445312 204.87433906555177
209.02615356445312 208.21721279144288
209.02615356445312 207.39466985702515
209.02615356445312 206.1441967010498
209.02615356445312 202.56369213104247
209.02615356445312 205.93771915435792
209.02615356445312 205.99850219726562
209.02615356445312 205.20247529029845
209.02615356445312 205.0247846031189
209.02615356445312 206.52972974777222
209.02615356445312 206.75263500213623
209.02615356445312 206.89143177032471
209.02615356445312 206.60313351631166
209.02615356445312 207.43837202072143
209.02615356445312 208.22982347488403
209.02615356445312 207.67570083618165
209.02615356445312 206.72093143463135
209.02615356445312 206.4052858352661
209.02615356445312 206.76769317626952
209.02615356445312 208.22902700424194
209.02615356445312 208.23648963928224
209.02615356445312 205.78878849029542
209.02615356445312 206.20256019592284
209.02615356445312 207.41759164810182
209.02615356445312 205.25503356933595
209.02615356445312 205.4894785785675
209.02615356445312 207.4488545227051
209.02615356445312 209.02615356445312
209.02615356445312 208.13359848976134
209.02615356445312 207.41378690719606
209.02615356445312 203.4454167175293
209.02615356445312 206.14081340789795
209.02615356445312 203.746878490448
209.02615356445312 207.466279296875
209.02615356445312 207.26637976646424
209.02615356445312 208.39010696411134
209.02615356445312 208.249900226593
209.02615356445312 207.42011432647706
209.02615356445312 207.61064323425293
209.02615356445312 208.17313762664796
209.02615356445312 206.41190011024474
209.02615356445312 209.02615356445312
209.02615356445312 207.33400465011596
209.02615356445312 205.6297142601013
209.02615356445312 205.53893383026124
209.02615356445312 207.36864631652833
209.02615356445312 205.54929928779603
209.02615356445312 207.58639818191529
209.02615356445312 208.1274349117279
209.02615356445312 207.83127731323242
209.02615356445312 208.23807899475096
209.02615356445312 207.36041332244872
209.02615356445312 207.2618938446045
209.02615356445312 208.19068532943726
209.02615356445312 207.59134382247925
209.02615356445312 206.00578622817994
209.02615356445312 206.73278641700745
209.02615356445312 209.02615356445312
209.02615356445312 205.0100036048889
209.02615356445312 202.46983344078063
209.02615356445312 207.84374000549317
209.02615356445312 206.8113999938965
209.02615356445312 208.19621810913085
209.02615356445312 207.20837161064148
209.02615356445312 207.39194005966186
209.02615356445312 208.17921993255615
209.02615356445312 207.3895772075653
209.02615356445312 206.52212003707885
209.02615356445312 207.21835775375365
209.02615356445312 207.2803100013733
209.02615356445312 207.34865428924562
209.02615356445312 205.50052782058717
209.02615356445312 205.7027191543579
209.02615356445312 206.57118822097777
209.02615356445312 209.02615356445312
209.02615356445312 209.02615356445312
209.02615356445312 208.24873876571655
209.02615356445312 206.0543816947937
209.02615356445312 207.43012325286864
209.02615356445312 206.98718632698058
209.02615356445312 208.1785881614685
209.02615356445312 205.66903114318848
209.02615356445312 208.21676357269288
209.02615356445312 208.13371126174926
209.02615356445312 209.02615356445312
209.02615356445312 207.31836431503297
209.02615356445312 206.067532787323
209.02615356445312 206.6837755870819
209.02615356445312 205.73197057724
209.02615356445312 207.42667989730836
209.02615356445312 207.48072567939758
209.02615356445312 208.1309048938751
209.02615356445312 206.652250289917
209.02615356445312 206.89739462852478
209.02615356445312 204.50318693161012
209.02615356445312 206.5728300857544
209.02615356445312 203.65785667419433
209.02615356445312 203.42450395584106
209.02615356445312 204.80028268814087
209.02615356445312 206.5784794330597
209.02615356445312 208.15394760131835
209.02615356445312 206.73697597503661
209.02615356445312 205.80010232925414
209.02615356445312 209.02615356445312
209.02615356445312 207.40938976287842
209.02615356445312 207.81909763336182
209.02615356445312 207.7134276008606
209.02615356445312 204.65192825317382
209.02615356445312 206.03047304153444
209.02615356445312 208.2598183441162
209.02615356445312 207.40297399520875
209.02615356445312 205.20493730545044
209.02615356445312 206.9205797958374
209.02615356445312 208.23872030258178
209.02615356445312 208.3955796432495
209.02615356445312 204.9654321193695
209.02615356445312 205.15152130126953
209.02615356445312 205.30582684516907
209.02615356445312 207.01374486923217
250.91600036621094 207.97021577835082
209.02615356445312 208.22311750411987
209.02615356445312 207.47315629959107
209.02615356445312 205.58490010261536
209.02615356445312 206.47157707214356
209.02615356445312 207.6744710922241
209.02615356445312 203.49745748519896
209.02615356445312 207.78372032165527
209.02615356445312 209.02615356445312
209.02615356445312 207.43744997024535
209.02615356445312 204.05390047073365
209.02615356445312 207.7697405052185
209.02615356445312 207.47596075057984
209.02615356445312 205.10342573165894
209.02615356445312 208.64743408203125
209.02615356445312 201.65059463500975
209.02615356445312 205.5668129348755
209.02615356445312 207.66346124649047
209.02615356445312 206.54591440200807
209.02615356445312 204.77662711143495
209.02615356445312 206.62461433410644
209.02615356445312 205.71788453102113
209.02615356445312 206.8999105644226
209.02615356445312 205.92318458557128
209.02615356445312 206.55479906082152
209.02615356445312 207.3647933959961
209.02615356445312 207.4915216445923
209.02615356445312 206.22842779159546
209.02615356445312 208.15298797607423
209.02615356445312 208.1500796699524
209.02615356445312 208.13557703018188
209.02615356445312 207.34282199859618
209.02615356445312 205.84219186782838
209.02615356445312 207.42866847991942
209.02615356445312 206.83604404449463
209.02615356445312 208.45593658447265
209.02615356445312 205.12619678497313
209.02615356445312 205.9553353023529
209.02615356445312 207.47160202026367
209.02615356445312 207.34079120635985
209.02615356445312 208.59404205322267
305.3017272949219 209.5954741668701
305.3017272949219 209.50753143310547
305.3017272949219 206.95846879959106
305.3017272949219 207.96145893096923
209.02615356445312 208.102378282547
209.02615356445312 203.2132618713379
209.02615356445312 203.77160468101502
209.02615356445312 204.5061896133423
209.02615356445312 207.45325357437133
209.02615356445312 207.9579006958008
209.02615356445312 207.2160830116272
209.02615356445312 203.76701974868774
209.02615356445312 207.31298924446105
209.02615356445312 207.7660039138794
209.02615356445312 204.44425365447998
209.02615356445312 205.93077028274536
209.02615356445312 206.31958082199097
209.02615356445312 208.22096181869506
209.02615356445312 206.5684748649597
209.02615356445312 207.578735370636
209.02615356445312 208.18830121994017
209.02615356445312 207.28142371177674
209.02615356445312 207.51003717422486
209.02615356445312 207.60750843048095
209.02615356445312 207.44752374649048
209.02615356445312 207.62952659606933
209.02615356445312 208.15462574005127
209.02615356445312 207.50240253448487
209.02615356445312 207.74613870620726
209.02615356445312 206.53308526039123
209.02615356445312 204.0163378715515
209.02615356445312 206.94462030410767
209.02615356445312 208.58215034484863
209.02615356445312 205.20549880981446
209.02615356445312 206.85086582183837
209.02615356445312 207.7746388244629
209.02615356445312 207.88380603790284
209.02615356445312 207.27281105041504
209.02615356445312 206.50295468330384
209.02615356445312 207.49399656295776
209.02615356445312 208.3376180267334
209.02615356445312 205.43993507385255
209.02615356445312 205.13024208068848
209.02615356445312 206.95780400276183
209.02615356445312 204.18649877548216
209.02615356445312 207.4299235534668
209.02615356445312 209.02615356445312
209.02615356445312 206.53537470817565
209.02615356445312 209.02615356445312
209.02615356445312 206.30792671203614
209.02615356445312 204.52654972076417
209.02615356445312 205.52176080703737
209.02615356445312 205.76354873657226
209.02615356445312 207.43781826019287
209.02615356445312 207.3321612548828
209.02615356445312 207.55837724685668
209.02615356445312 209.02615356445312
209.02615356445312 208.23388385772705
209.02615356445312 206.69925439834594
209.02615356445312 207.8120067024231
209.02615356445312 207.4736955833435
209.02615356445312 208.22521606445312
209.02615356445312 208.16736150741576
209.02615356445312 206.78999280929565
209.02615356445312 205.09157754898072
209.02615356445312 207.749186668396
209.02615356445312 207.2778805732727
209.02615356445312 207.67812255859374
209.02615356445312 209.02615356445312
209.02615356445312 207.36215160369872
209.02615356445312 209.02615356445312
209.02615356445312 205.90932384490966
209.02615356445312 208.21141778945923
209.02615356445312 204.7509323978424
209.02615356445312 208.15003356933593
209.02615356445312 208.1163125705719
209.02615356445312 208.32959564208986
209.02615356445312 206.62225353240967
209.02615356445312 208.25036764144897
209.02615356445312 205.61366928100585
209.02615356445312 206.44789145469665
209.02615356445312 207.30475818634034
209.02615356445312 205.92241329193115
209.02615356445312 206.81395307540893
209.02615356445312 205.85924154281616
209.02615356445312 204.81479434967042
209.02615356445312 203.59279331207276
209.02615356445312 209.02615356445312
209.02615356445312 201.79392381668092
209.02615356445312 208.22302299499512
209.02615356445312 207.50700786590576
209.02615356445312 208.29738956451416
209.02615356445312 206.4564483165741
209.02615356445312 207.3435627746582
209.02615356445312 208.14929933547972
209.02615356445312 206.7004824447632
209.02615356445312 208.1450679397583
209.02615356445312 206.2466754722595
209.02615356445312 206.8110922241211
209.02615356445312 206.0397109413147
209.02615356445312 207.1643646621704
209.02615356445312 206.07178337097167
209.02615356445312 208.3006527709961
209.02615356445312 207.2479577255249
209.02615356445312 206.11291036605834
209.02615356445312 205.81172631263732
209.02615356445312 208.20988634109497
209.02615356445312 205.23549398422242
209.02615356445312 205.7533298110962
209.02615356445312 208.17833654403685
209.02615356445312 206.04288946151735
209.02615356445312 204.06753253936768
209.02615356445312 205.17480808258057
209.02615356445312 204.679175491333
209.02615356445312 207.32000789642333
209.02615356445312 207.2873828792572
209.02615356445312 207.19767358779907
209.02615356445312 206.29987060546875
209.02615356445312 207.51490242004394
209.02615356445312 207.57350776672362
209.02615356445312 208.1156659603119
209.02615356445312 206.4136950111389
209.02615356445312 207.6313574028015
209.02615356445312 207.7912304496765
209.02615356445312 206.662530708313
209.02615356445312 205.02823348999024
209.02615356445312 204.15720670700074
209.02615356445312 208.32324394226075
209.02615356445312 208.30465858459473
209.02615356445312 207.537603225708
209.02615356445312 207.76794485092162
209.02615356445312 206.69001808166504
209.02615356445312 208.26928442001343
209.02615356445312 206.49095516204835
209.02615356445312 205.96445404052736
209.02615356445312 208.21766368865966
209.02615356445312 205.8503624343872
209.02615356445312 208.26234939575195
209.02615356445312 208.4049369430542
209.02615356445312 209.02615356445312
209.02615356445312 204.86601384162904
209.02615356445312 205.29430988311768
209.02615356445312 206.68842655181885
209.02615356445312 206.73187459945677
209.02615356445312 208.1604560661316
209.02615356445312 207.53462074279784
209.02615356445312 206.53747968673707
209.02615356445312 208.2015788459778
209.02615356445312 207.40418016433716
209.02615356445312 207.67189456939698
209.02615356445312 205.960175075531
209.02615356445312 208.17603240966798
209.02615356445312 204.63231931686403
209.02615356445312 204.16053512573242
209.02615356445312 203.51915957450868
209.02615356445312 206.65814374923707
209.02615356445312 209.02615356445312
209.02615356445312 208.39091861724853
209.02615356445312 208.17827375411989
209.02615356445312 205.81044275283813
209.02615356445312 208.49407119750975
209.02615356445312 206.50461401939393
209.02615356445312 204.79334114074706
209.02615356445312 207.8118798828125
209.02615356445312 205.61362323760986
209.02615356445312 204.56332790374756
209.02615356445312 209.02615356445312
209.02615356445312 204.82035097122193
209.02615356445312 208.19089834213256
209.02615356445312 206.54387077331543
209.02615356445312 207.3765871620178
209.02615356445312 204.5148385810852
209.02615356445312 205.85659761428832
209.02615356445312 206.33465824127197
209.02615356445312 204.41170254707336
209.02615356445312 207.53268503189088
209.02615356445312 206.70482948303223
209.02615356445312 207.25796160697936
209.02615356445312 206.51640933036805
209.02615356445312 206.80581029891968
209.02615356445312 208.2428573989868
209.02615356445312 208.2314318847656
209.02615356445312 206.80768320083618
209.02615356445312 208.23440076828004
209.02615356445312 205.03650089263917
209.02615356445312 205.58731811523438
209.02615356445312 206.8681348991394
209.02615356445312 207.57768045425416
209.02615356445312 206.22990531921386
209.02615356445312 207.04619359970093
209.02615356445312 206.4870696258545
209.02615356445312 203.39352500915527
209.02615356445312 207.49575742721558
209.02615356445312 209.02615356445312
209.02615356445312 208.26955280303955
209.02615356445312 205.97452207565308
209.02615356445312 206.9376136779785
209.02615356445312 204.9755359840393
209.02615356445312 207.26309140205385
209.02615356445312 206.43926294326783
209.02615356445312 205.149754447937
209.02615356445312 206.21829156875611
209.02615356445312 207.63583541870116
209.02615356445312 208.23904216766357
209.02615356445312 204.82963561058045
209.02615356445312 207.33644897460937
209.02615356445312 203.7042974948883
209.02615356445312 206.66773391723632
209.02615356445312 208.2314318847656
209.02615356445312 208.18990802764893
209.02615356445312 207.35043104171754
209.02615356445312 208.04917280197142
209.02615356445312 208.42561569213868
209.02615356445312 208.17972831726075
209.02615356445312 209.02615356445312
209.02615356445312 207.21468545913697
209.02615356445312 208.14744667053222
209.02615356445312 206.7132642364502
209.02615356445312 202.43787488937377
209.02615356445312 206.66521669387816
209.02615356445312 207.289517993927
209.02615356445312 208.15203893661499
209.02615356445312 205.62749386787414
209.02615356445312 206.71937036514282
209.02615356445312 208.24219537734984
209.02615356445312 208.2918364906311
209.02615356445312 205.7393443107605
209.02615356445312 209.02615356445312
209.02615356445312 208.19749589920045
209.02615356445312 207.30528735160829
209.02615356445312 208.30704196929932
209.02615356445312 206.63386819839477
209.02615356445312 207.37376395225525
209.02615356445312 208.1038696861267
209.02615356445312 207.46335949897767
209.02615356445312 208.32764610290528
209.02615356445312 209.02615356445312
209.02615356445312 204.82335243225097
209.02615356445312 206.89424404144287
209.02615356445312 205.77382934570312
209.02615356445312 206.0317523765564
209.02615356445312 207.4616586494446
209.02615356445312 207.325980052948
209.02615356445312 206.6911522102356
209.02615356445312 206.5885941696167
209.02615356445312 208.36077922821045
209.02615356445312 207.4183833885193
209.02615356445312 207.4246683883667
209.02615356445312 204.45591398239137
209.02615356445312 206.3001097202301
209.02615356445312 208.398934135437
209.02615356445312 205.76231088638306
209.02615356445312 208.2709023475647
209.02615356445312 209.02615356445312
209.02615356445312 209.02615356445312
209.02615356445312 207.616762008667
209.02615356445312 207.38959812164308
209.02615356445312 205.70523365020753
209.02615356445312 205.36652104377745
209.02615356445312 208.0829628753662
209.02615356445312 203.83677528381347
209.02615356445312 207.12401851654053
209.02615356445312 207.1113418197632
209.02615356445312 208.04013412475587
209.02615356445312 205.10731974601745
209.02615356445312 207.41879180908202
209.02615356445312 206.9292665863037
209.02615356445312 208.83700408935547
209.02615356445312 207.1653288078308
209.02615356445312 208.10269456863404
209.02615356445312 209.02615356445312
209.02615356445312 207.3040800666809
209.02615356445312 208.27433208465575
209.02615356445312 206.72680258750916
209.02615356445312 208.33557800292968
209.02615356445312 207.51234571456908
209.02615356445312 205.04538177490235
209.02615356445312 207.58130142211914
209.02615356445312 207.30194032669067
209.02615356445312 207.4502177810669
209.02615356445312 206.64723257064819
209.02615356445312 208.1549180030823
209.02615356445312 207.29708377838134
209.02615356445312 206.0386583709717
209.02615356445312 208.16730548858644
209.02615356445312 206.36576649665832
209.02615356445312 209.02615356445312
209.02615356445312 206.58221824645997
209.02615356445312 206.56571617126465
209.02615356445312 206.63107946395874
209.02615356445312 206.44514707565307
209.02615356445312 204.51996510505677
209.02615356445312 205.33543962478637
209.02615356445312 203.56653812408447
209.02615356445312 203.72247087478638
209.02615356445312 206.92875402450562
209.02615356445312 204.4491908454895
209.02615356445312 207.56257129669189
209.02615356445312 205.0102836227417
209.02615356445312 207.53673057556153
209.02615356445312 206.4621069431305
209.02615356445312 209.02615356445312
209.02615356445312 207.3190979194641
209.02615356445312 206.86494718551637
209.02615356445312 206.8981389427185
209.02615356445312 204.0213713645935
209.02615356445312 205.7180536365509
209.02615356445312 208.17295915603637
209.02615356445312 207.46901859283446
209.02615356445312 207.72931846618653
209.02615356445312 206.82698026657104
209.02615356445312 206.6724437713623
209.02615356445312 207.142056350708
209.02615356445312 204.2738030052185
209.02615356445312 208.45666553497315
209.02615356445312 205.8538209915161
209.02615356445312 207.36237070083618
209.02615356445312 207.37234451293946
209.02615356445312 207.6052576446533
209.02615356445312 206.44125729560852
209.02615356445312 208.13344840049743
209.02615356445312 203.8396282863617
209.02615356445312 207.36173404693602
209.02615356445312 208.15124046325684
