6480.0 11481.265
4712.0 10582.825
4845.0 9897.57
3334.0 9189.03
3852.0 8020.7
4275.0 7895.895
3775.0 7260.66
3889.0 7469.25
2194.0 6821.065
1634.0 6003.625
2153.0 4516.85
2041.0 3093.04
1896.0 2383.605
2041.0 2258.705
2041.0 2082.405
2041.0 2018.905
929.0 1949.01
929.0 1920.77
1076.0 1946.935
1082.0 1926.19
1082.0 1814.515
1082.0 1718.74
1082.0 1614.475
1082.0 1500.685
1082.0 1447.815
1082.0 1382.475
873.0 1312.94
928.0 1236.055
928.0 1167.28
928.0 1156.47
928.0 1143.425
928.0 1104.185
928.0 1076.655
1022.0 1002.515
928.0 1001.605
928.0 990.98
928.0 992.87
928.0 998.795
928.0 991.655
928.0 958.675
928.0 968.145
928.0 940.21
928.0 969.27
928.0 969.85
928.0 984.745
928.0 956.02
928.0 970.935
928.0 958.58
928.0 956.61
928.0 952.19
928.0 946.17
928.0 954.91
928.0 946.83
928.0 946.385
928.0 928.205
928.0 928.0
928.0 940.51
928.0 928.0
928.0 946.93
928.0 952.185
928.0 929.63
928.0 946.595
928.0 958.615
928.0 972.23
928.0 949.505
928.0 948.7
928.0 954.5
928.0 955.025
928.0 948.83
928.0 962.28
928.0 945.87
928.0 974.94
928.0 964.88
928.0 973.675
532.0 973.415
532.0 964.275
532.0 936.66
532.0 870.875
532.0 798.19
532.0 785.965
532.0 666.98
532.0 594.645
532.0 560.81
532.0 563.11
532.0 556.18
532.0 562.605
532.0 590.995
532.0 540.33
532.0 546.34
532.0 558.38
532.0 591.45
532.0 567.88
532.0 562.86
532.0 571.3
532.0 575.425
532.0 566.805
532.0 549.23
532.0 549.975
532.0 568.02
532.0 553.64
532.0 539.5
532.0 546.935
532.0 559.655
532.0 584.665
532.0 555.02
532.0 541.12
532.0 543.0
532.0 569.14
532.0 555.285
532.0 549.25
532.0 567.78
532.0 560.505
532.0 547.465
532.0 532.0
532.0 545.01
532.0 549.3
532.0 602.045
532.0 578.77
532.0 590.48
532.0 545.67
532.0 563.855
532.0 537.055
532.0 539.48
532.0 549.195
532.0 546.725
532.0 548.025
532.0 580.075
532.0 532.0
532.0 555.925
532.0 569.0
532.0 559.18
532.0 543.06
532.0 581.455
532.0 545.01
532.0 543.395
532.0 540.615
532.0 539.42
532.0 550.705
532.0 548.56
532.0 548.83
532.0 544.955
532.0 563.815
532.0 557.26
532.0 532.0
532.0 585.165
532.0 613.635
532.0 546.85
532.0 551.06
532.0 540.375
532.0 563.68
532.0 550.285
532.0 547.465
532.0 555.025
532.0 554.785
532.0 546.485
532.0 556.355
532.0 544.13
532.0 565.43
532.0 571.565
532.0 556.175
532.0 532.0
532.0 532.0
532.0 537.44
532.0 564.595
532.0 547.69
532.0 549.585
532.0 549.875
532.0 583.935
532.0 540.265
532.0 548.14
532.0 532.0
532.0 553.275
532.0 565.04
532.0 564.475
532.0 573.81
532.0 550.48
532.0 549.785
532.0 541.37
532.0 571.82
532.0 564.725
532.0 582.75
532.0 571.485
532.0 592.88
532.0 587.515
532.0 582.285
532.0 563.055
532.0 544.865
532.0 556.62
532.0 579.54
532.0 532.0
532.0 552.015
532.0 544.835
532.0 547.275
532.0 569.455
532.0 562.285
532.0 535.815
532.0 548.505
532.0 571.255
532.0 559.445
532.0 542.995
532.0 535.515
532.0 585.26
532.0 566.465
532.0 563.63
532.0 546.08
407.0 538.775
532.0 539.145
532.0 547.56
532.0 585.5
532.0 550.7
532.0 541.155
532.0 605.115
532.0 537.77
532.0 532.0
532.0 546.74
532.0 592.01
532.0 542.55
532.0 554.93
532.0 578.545
532.0 535.91
532.0 592.675
532.0 567.925
532.0 544.505
532.0 559.73
532.0 594.3
532.0 548.915
532.0 573.945
532.0 551.29
532.0 557.665
532.0 554.6
532.0 573.09
532.0 551.66
532.0 557.015
532.0 544.47
532.0 545.47
532.0 547.19
532.0 547.035
532.0 566.605
532.0 553.105
532.0 559.13
532.0 536.52
532.0 572.72
532.0 563.62
532.0 547.215
532.0 547.19
532.0 534.855
374.0 532.51
374.0 531.21
374.0 564.925
374.0 542.225
532.0 546.965
532.0 587.13
532.0 598.48
532.0 571.75
532.0 545.825
532.0 541.36
532.0 544.27
532.0 589.805
532.0 558.46
532.0 542.76
532.0 588.575
532.0 560.67
532.0 564.355
532.0 541.205
532.0 560.685
532.0 546.28
532.0 541.22
532.0 552.48
532.0 547.195
532.0 547.385
532.0 548.19
532.0 539.66
532.0 542.445
532.0 553.9
532.0 551.72
532.0 567.735
532.0 601.83
532.0 553.885
532.0 535.785
532.0 572.475
532.0 552.505
532.0 544.295
532.0 538.555
532.0 560.46
532.0 569.07
532.0 547.05
532.0 538.84
532.0 566.85
532.0 572.895
532.0 553.095
532.0 583.675
532.0 547.35
532.0 532.0
532.0 564.08
532.0 532.0
532.0 550.92
532.0 582.87
532.0 576.305
532.0 575.29
532.0 549.395
532.0 560.675
532.0 546.155
532.0 532.0
532.0 541.395
532.0 552.75
532.0 543.065
532.0 542.86
532.0 543.84
532.0 544.32
532.0 558.38
532.0 582.26
532.0 540.79
532.0 566.035
532.0 542.56
532.0 532.0
532.0 557.0
532.0 532.0
532.0 564.275
532.0 538.465
532.0 594.715
532.0 541.105
532.0 545.575
532.0 537.735
532.0 562.515
532.0 538.085
532.0 571.695
532.0 568.595
532.0 554.13
532.0 558.73
532.0 552.965
532.0 573.68
532.0 584.255
532.0 586.295
532.0 532.0
532.0 633.36
532.0 542.02
532.0 546.3
532.0 537.375
532.0 567.18
532.0 557.065
532.0 544.73
532.0 560.075
532.0 548.79
532.0 555.115
532.0 557.35
532.0 564.08
532.0 547.885
532.0 555.75
532.0 537.695
532.0 558.78
532.0 558.055
532.0 569.66
532.0 538.57
532.0 563.09
532.0 555.815
532.0 545.765
532.0 568.285
532.0 589.97
532.0 567.25
532.0 577.04
532.0 549.075
532.0 565.795
532.0 543.87
532.0 551.375
532.0 546.44
532.0 546.51
532.0 549.035
532.0 561.435
532.0 541.765
532.0 546.375
532.0 556.88
532.0 572.435
532.0 583.95
532.0 538.405
532.0 537.085
532.0 547.81
532.0 540.175
532.0 559.905
532.0 538.145
532.0 573.425
532.0 560.42
532.0 539.77
532.0 566.86
532.0 539.04
532.0 537.125
532.0 532.0
532.0 586.005
532.0 572.665
532.0 555.635
532.0 558.175
532.0 541.295
532.0 552.965
532.0 552.43
532.0 540.63
532.0 546.82
532.0 542.205
532.0 566.485
532.0 534.79
532.0 566.865
532.0 585.28
532.0 606.62
532.0 552.64
532.0 532.0
532.0 535.365
532.0 543.305
532.0 567.915
532.0 537.105
532.0 570.73
532.0 588.6
532.0 540.755
532.0 578.2
532.0 579.785
532.0 532.0
532.0 586.285
532.0 548.865
532.0 566.915
532.0 550.71
532.0 580.78
532.0 569.06
532.0 551.36
532.0 577.465
532.0 545.16
532.0 551.955
532.0 556.17
532.0 565.235
532.0 554.5
532.0 540.685
532.0 538.725
532.0 553.495
532.0 539.065
532.0 571.095
532.0 556.845
532.0 558.835
532.0 545.93
532.0 563.4
532.0 552.15
532.0 570.72
532.0 575.14
532.0 554.34
532.0 532.0
532.0 540.805
532.0 571.0
532.0 549.785
532.0 582.88
532.0 560.09
532.0 563.685
532.0 578.87
532.0 554.02
532.0 543.805
532.0 538.185
532.0 586.14
532.0 544.62
532.0 584.895
532.0 560.965
532.0 540.93
532.0 540.31
532.0 551.29
532.0 537.165
532.0 535.81
532.0 541.77
532.0 532.0
532.0 546.365
532.0 541.2
532.0 555.21
532.0 616.385
532.0 558.105
532.0 560.715
532.0 542.74
532.0 575.925
532.0 551.53
532.0 540.34
532.0 537.1
532.0 570.07
532.0 532.0
532.0 541.36
532.0 551.665
532.0 537.915
532.0 547.08
532.0 552.76
532.0 549.095
532.0 550.27
532.0 539.07
532.0 532.0
532.0 585.28
532.0 551.71
532.0 566.245
532.0 562.995
532.0 550.735
532.0 548.995
532.0 556.68
532.0 555.97
532.0 538.415
532.0 550.245
532.0 545.14
532.0 587.0
532.0 562.05
532.0 536.265
532.0 563.88
532.0 537.14
532.0 532.0
532.0 532.0
532.0 551.4
532.0 550.96
532.0 571.415
532.0 577.87
532.0 535.675
532.0 572.72
532.0 550.685
532.0 550.975
532.0 537.72
532.0 577.01
532.0 540.18
532.0 550.14
532.0 532.33
532.0 551.525
532.0 540.87
532.0 532.0
532.0 554.005
532.0 538.64
532.0 556.765
532.0 537.61
532.0 544.0
532.0 576.92
532.0 541.415
532.0 541.575
532.0 546.09
532.0 558.895
532.0 545.455
532.0 559.59
532.0 556.995
532.0 540.875
532.0 564.27
532.0 532.0
532.0 567.965
532.0 557.975
532.0 568.91
532.0 554.955
532.0 582.655
532.0 552.11
532.0 596.215
532.0 595.62
532.0 556.12
532.0 588.4
532.0 548.09
532.0 580.065
532.0 549.565
532.0 567.475
532.0 532.0
532.0 553.54
532.0 554.96
532.0 550.75
532.0 579.905
532.0 585.36
532.0 540.065
532.0 551.24
532.0 543.075
532.0 558.86
532.0 544.59
532.0 542.59
532.0 580.015
532.0 535.785
532.0 560.695
532.0 552.95
532.0 546.99
532.0 544.925
532.0 572.07
532.0 545.67
532.0 597.2
532.0 547.905
532.0 546.04
