0.007859952747821808 0.00402846299984958
0.010203145444393158 0.005386065790662542
0.014746270142495632 0.007682827041329195
0.014746270142495632 0.010676123644225299
0.019432516768574715 0.013340042329703768
0.014746270142495632 0.012896159112763901
0.014746270142495632 0.013809313159435987
0.025133002549409866 0.01441744486025224
0.025133002549409866 0.014698797712723415
0.025133002549409866 0.014874650863930583
0.025133002549409866 0.01628924912462632
0.025133002549409866 0.017831943820541103
0.04014880582690239 0.020083573212226234
0.042394399642944336 0.024650758877396584
0.05181020870804787 0.02866448995967706
0.06920645385980606 0.03834784671974679
0.06920645385980606 0.044671594413618246
0.08044026792049408 0.051381299675752716
0.06920645385980606 0.050979369102666774
0.08044026792049408 0.05405138370891412
0.08044026792049408 0.056668103424211344
0.08044026792049408 0.05565638359015187
0.08044026792049408 0.06490494205305973
0.08044026792049408 0.0689975356683135
0.08319757878780365 0.07499047561238209
0.08044026792049408 0.07709423899650573
0.08044026792049408 0.07937151473015547
0.08044026792049408 0.0792570968468984
0.08193250745534897 0.07632403982182344
0.08193250745534897 0.07583193692068259
0.11952550709247589 0.07970288824290037
0.11952550709247589 0.07973908667142192
0.16082897782325745 0.09565893411636353
0.16082897782325745 0.10879487795755267
0.16082897782325745 0.13825110966960588
0.16082897782325745 0.1552113682652513
0.16082897782325745 0.15965862249334653
0.16082897782325745 0.16054796824852627
0.16082897782325745 0.16062825669844946
0.16082897782325745 0.15475742897639672
0.16082897782325745 0.1578730743378401
0.16082897782325745 0.15859899763017893
0.16082897782325745 0.15453416059414546
0.18011954426765442 0.15472041442990303
0.18011954426765442 0.15585880825916926
0.18011954426765442 0.1629864479104678
0.18011954426765442 0.1628888207177321
0.2131049484014511 0.16014319707949956
0.18011954426765442 0.16055959773560366
0.2557525038719177 0.16551990838100514
0.2557525038719177 0.17031100243330002
0.2557525038719177 0.16889659389853479
0.2557525038719177 0.18553117414315543
0.2557525038719177 0.21768802305062612
0.2557525038719177 0.23463467061519622
0.2557525038719177 0.23404592176278433
0.2557525038719177 0.24025046651562054
0.30248695611953735 0.25137070020039876
0.2557525038719177 0.25227214296658834
0.2557525038719177 0.2514956669261058
0.2557525038719177 0.25105016548186543
0.2557525038719177 0.25405740266044935
0.2557525038719177 0.25296605775753656
0.2557525038719177 0.2509673615296682
0.2557525038719177 0.2557525038719177
0.2557525038719177 0.2557525038719177
0.2557525038719177 0.2557525038719177
0.2557525038719177 0.2557525038719177
0.2557525038719177 0.24903625063598156
0.2557525038719177 0.2557525038719177
0.2557525038719177 0.2532524481415749
0.2557525038719177 0.2557525038719177
0.2557525038719177 0.2557525038719177
0.2557525038719177 0.2555183830360572
0.3116592466831207 0.25854784101247785
0.3116592466831207 0.24657098868240912
0.3116592466831207 0.25516321174800394
0.3116592466831207 0.26041139910618466
0.3116592466831207 0.2576160619656245
0.3116592466831207 0.2576160619656245
0.3116592466831207 0.2632067362467448
0.3116592466831207 0.27066096862157185
0.3116592466831207 0.2715927476684252
0.3116592466831207 0.2651145658145348
0.7744514346122742 0.3012548103928566
0.7744514346122742 0.4504275354246298
0.7744514346122742 0.6479618261257808
0.7744514346122742 0.7350888510545095
0.7744514346122742 0.7642240564028422
0.7744514346122742 0.7655024786790212
0.7744514346122742 0.7718945900599162
0.7744514346122742 0.7627871364355088
0.7744514346122742 0.7642240564028422
0.7744514346122742 0.7629456341266632
0.7744514346122742 0.7552751004695892
0.7744514346122742 0.7642240564028422
0.7744514346122742 0.7706161677837372
0.7744514346122742 0.7620061020056407
0.7744514346122742 0.7693377455075582
0.7744514346122742 0.7744514346122742
0.7744514346122742 0.7744514346122742
0.7744514346122742 0.7744514346122742
0.7744514346122742 0.7744514346122742
0.7744514346122742 0.7744514346122742
0.7744514346122742 0.7744514346122742
0.7744514346122742 0.7623219825948279
0.7744514346122742 0.7744514346122742
0.7744514346122742 0.7744514346122742
0.7744514346122742 0.7744514346122742
0.7744514346122742 0.7744514346122742
0.7744514346122742 0.7620716597264011
0.7744514346122742 0.7744514346122742
0.7744514346122742 0.7634429862101872
0.7744514346122742 0.7744514346122742
0.7744514346122742 0.7628854115804037
0.7744514346122742 0.7744514346122742
0.7744514346122742 0.7744514346122742
0.7744514346122742 0.7744514346122742
0.7744514346122742 0.7744514346122742
0.7744514346122742 0.7744514346122742
0.7744514346122742 0.7744514346122742
0.7744514346122742 0.7744514346122742
0.7744514346122742 0.762112378825744
0.7744514346122742 0.7744514346122742
0.7744514346122742 0.7744514346122742
0.7744514346122742 0.7744514346122742
0.7744514346122742 0.7624273223802447
0.7744514346122742 0.7744514346122742
0.7744514346122742 0.7744514346122742
0.7744514346122742 0.762302165478468
0.7744514346122742 0.7744514346122742
0.7744514346122742 0.7624777982011437
0.7744514346122742 0.7744514346122742
0.7744514346122742 0.763393712292115
0.7744514346122742 0.7744514346122742
0.7744514346122742 0.7744514346122742
0.7744514346122742 0.7744514346122742
0.7744514346122742 0.7744514346122742
0.7744514346122742 0.7744514346122742
0.7744514346122742 0.7642886941631635
0.7744514346122742 0.7744514346122742
0.7744514346122742 0.7744514346122742
0.7744514346122742 0.7744514346122742
0.7744514346122742 0.7744514346122742
0.7744514346122742 0.7744514346122742
0.7744514346122742 0.7744514346122742
0.7744514346122742 0.7629936718692382
0.7744514346122742 0.7744514346122742
0.7744514346122742 0.7744514346122742
0.7744514346122742 0.7656657271087169
0.7744514346122742 0.7744514346122742
0.7744514346122742 0.7744514346122742
0.7744514346122742 0.7744514346122742
0.7744514346122742 0.7635425823430221
0.7744514346122742 0.7619530228587489
0.7744514346122742 0.7635736623158057
0.7744514346122742 0.7627537609388431
0.7744514346122742 0.7744514346122742
0.7744514346122742 0.7744514346122742
0.7744514346122742 0.762533838301897
0.7744514346122742 0.7744514346122742
0.7744514346122742 0.7744514346122742
0.7744514346122742 0.7744514346122742
0.7744514346122742 0.7744514346122742
0.7744514346122742 0.7744514346122742
0.7744514346122742 0.7744514346122742
0.7744514346122742 0.7641248154143493
0.7744514346122742 0.7744514346122742
0.7744514346122742 0.7744514346122742
0.7744514346122742 0.7744514346122742
0.7744514346122742 0.7744514346122742
0.7744514346122742 0.7628043100237847
0.7744514346122742 0.7744514346122742
0.7744514346122742 0.7744514346122742
0.7744514346122742 0.7620232994668186
0.7744514346122742 0.7744514346122742
0.7744514346122742 0.7744514346122742
0.7744514346122742 0.7744514346122742
0.7744514346122742 0.7744514346122742
0.7744514346122742 0.7623847308258216
0.7744514346122742 0.7629939456780751
0.7744514346122742 0.7744514346122742
0.7744514346122742 0.7744514346122742
0.7744514346122742 0.7744514346122742
0.7744514346122742 0.7744514346122742
0.7744514346122742 0.7744514346122742
0.7744514346122742 0.7744514346122742
0.7744514346122742 0.7744514346122742
0.7744514346122742 0.7744514346122742
0.7744514346122742 0.7627932175993919
0.7744514346122742 0.7744514346122742
0.7744514346122742 0.7744514346122742
0.7744514346122742 0.7744514346122742
0.7744514346122742 0.7502479303628207
0.7744514346122742 0.7744514346122742
0.7744514346122742 0.7744514346122742
0.7744514346122742 0.7744514346122742
0.7744514346122742 0.751320838307341
0.7744514346122742 0.7621038333823283
0.7744514346122742 0.7744514346122742
0.7744514346122742 0.7744514346122742
0.7744514346122742 0.7744514346122742
0.7744514346122742 0.7744514346122742
0.7744514346122742 0.7744514346122742
0.7744514346122742 0.7744514346122742
0.7744514346122742 0.7744514346122742
0.7744514346122742 0.7744514346122742
0.7744514346122742 0.7744514346122742
0.7744514346122742 0.7744514346122742
0.7744514346122742 0.7744514346122742
0.7744514346122742 0.7744514346122742
0.7744514346122742 0.7744514346122742
0.7744514346122742 0.7744514346122742
0.7744514346122742 0.7744514346122742
0.7744514346122742 0.7744514346122742
0.7744514346122742 0.7744514346122742
0.7744514346122742 0.7744514346122742
0.7744514346122742 0.7625322342539828
0.7744514346122742 0.7744514346122742
0.7744514346122742 0.7744514346122742
0.7744514346122742 0.7744514346122742
0.7744514346122742 0.7744514346122742
0.7744514346122742 0.7744514346122742
0.7744514346122742 0.7744514346122742
0.7744514346122742 0.7744514346122742
0.7744514346122742 0.7744514346122742
0.7744514346122742 0.7744514346122742
0.7744514346122742 0.7744514346122742
0.7744514346122742 0.7744514346122742
0.7744514346122742 0.7744514346122742
0.7744514346122742 0.7619488370294373
0.7744514346122742 0.7744514346122742
0.7744514346122742 0.7744514346122742
0.7744514346122742 0.7744514346122742
0.7744514346122742 0.7744514346122742
0.7744514346122742 0.7635276490201552
0.7744514346122742 0.7744514346122742
0.7744514346122742 0.7744514346122742
0.7744514346122742 0.7744514346122742
0.7744514346122742 0.7744514346122742
0.7744514346122742 0.7744514346122742
0.7744514346122742 0.7744514346122742
0.7744514346122742 0.7744514346122742
0.7744514346122742 0.7744514346122742
0.7744514346122742 0.7645091054340204
0.7744514346122742 0.7645091054340204
0.7744514346122742 0.7744514346122742
0.7744514346122742 0.7744514346122742
0.7744514346122742 0.7744514346122742
0.7744514346122742 0.7744514346122742
0.7744514346122742 0.7744514346122742
0.7744514346122742 0.7744514346122742
0.7744514346122742 0.7744514346122742
0.7744514346122742 0.7621579804768165
0.7744514346122742 0.7744514346122742
0.7744514346122742 0.7744514346122742
0.7744514346122742 0.7744514346122742
0.7744514346122742 0.7744514346122742
0.7744514346122742 0.7744514346122742
0.7744514346122742 0.7744514346122742
0.7744514346122742 0.7744514346122742
0.7744514346122742 0.7744514346122742
0.7744514346122742 0.7744514346122742
0.7744514346122742 0.7621624131997426
0.7744514346122742 0.7744514346122742
0.7744514346122742 0.7744514346122742
0.7744514346122742 0.7744514346122742
0.7744514346122742 0.7744514346122742
0.7744514346122742 0.7744514346122742
0.7744514346122742 0.7744514346122742
0.7744514346122742 0.7744514346122742
0.7744514346122742 0.7744514346122742
0.7744514346122742 0.7744514346122742
0.7744514346122742 0.7744514346122742
0.7744514346122742 0.7744514346122742
0.7744514346122742 0.7744514346122742
0.7744514346122742 0.7744514346122742
0.7744514346122742 0.7744514346122742
0.7744514346122742 0.7744514346122742
0.7744514346122742 0.7744514346122742
0.7744514346122742 0.7744514346122742
0.7744514346122742 0.7744514346122742
0.7744514346122742 0.7744514346122742
0.7744514346122742 0.7744514346122742
0.7744514346122742 0.7744514346122742
0.7744514346122742 0.7621997269491355
0.7744514346122742 0.7744514346122742
0.7744514346122742 0.7744514346122742
0.7744514346122742 0.7744514346122742
0.7744514346122742 0.7744514346122742
0.7744514346122742 0.7744514346122742
0.7744514346122742 0.7744514346122742
0.7744514346122742 0.7744514346122742
0.7744514346122742 0.7744514346122742
0.7744514346122742 0.7744514346122742
0.7744514346122742 0.7535682133088509
0.7744514346122742 0.7744514346122742
0.7744514346122742 0.7744514346122742
0.7744514346122742 0.7744514346122742
0.7744514346122742 0.7744514346122742
0.7744514346122742 0.7744514346122742
0.7744514346122742 0.7744514346122742
0.7744514346122742 0.7744514346122742
0.7744514346122742 0.7744514346122742
0.7744514346122742 0.7744514346122742
0.7744514346122742 0.7744514346122742
0.7744514346122742 0.7621341353903214
0.7744514346122742 0.7744514346122742
0.7744514346122742 0.7624323948596915
0.7744514346122742 0.7744514346122742
0.7744514346122742 0.7744514346122742
0.7744514346122742 0.7507662646472454
0.7744514346122742 0.7744514346122742
0.7744514346122742 0.763204392294089
0.7744514346122742 0.7744514346122742
0.7744514346122742 0.7744514346122742
0.7744514346122742 0.7744514346122742
0.7744514346122742 0.7744514346122742
0.7744514346122742 0.7744514346122742
0.7744514346122742 0.7744514346122742
0.7744514346122742 0.7744514346122742
0.7744514346122742 0.7744514346122742
0.7744514346122742 0.7744514346122742
0.7744514346122742 0.7744514346122742
0.7744514346122742 0.7744514346122742
0.7744514346122742 0.7744514346122742
0.7744514346122742 0.7744514346122742
0.7744514346122742 0.7744514346122742
0.7744514346122742 0.7744514346122742
0.7744514346122742 0.7744514346122742
0.7744514346122742 0.7744514346122742
0.7744514346122742 0.7744514346122742
0.7744514346122742 0.7744514346122742
0.7744514346122742 0.7744514346122742
0.7744514346122742 0.7744514346122742
0.7744514346122742 0.7744514346122742
0.7744514346122742 0.7744514346122742
0.7744514346122742 0.7618405184708535
0.7744514346122742 0.762440997051696
0.7744514346122742 0.7744514346122742
0.7744514346122742 0.7744514346122742
0.7744514346122742 0.7744514346122742
0.7744514346122742 0.7744514346122742
0.7744514346122742 0.7744514346122742
0.7744514346122742 0.7744514346122742
0.7744514346122742 0.7744514346122742
0.7744514346122742 0.7620126324084898
0.7744514346122742 0.7628639950106542
0.7744514346122742 0.7744514346122742
0.7744514346122742 0.7744514346122742
0.7744514346122742 0.7503100937853256
0.7744514346122742 0.7744514346122742
0.7744514346122742 0.7744514346122742
0.7744514346122742 0.7621655832355221
0.7744514346122742 0.7744514346122742
0.7744514346122742 0.7624629437923431
0.7744514346122742 0.7634967569261789
0.7744514346122742 0.7744514346122742
0.7744514346122742 0.7632647791256507
0.7744514346122742 0.7744514346122742
0.7744514346122742 0.7744514346122742
0.7744514346122742 0.7744514346122742
0.7744514346122742 0.7636979731420676
0.7744514346122742 0.7744514346122742
0.7744514346122742 0.7744514346122742
0.7744514346122742 0.7620527046732605
0.7744514346122742 0.762139449082315
0.7744514346122742 0.7635407103846471
0.7744514346122742 0.7744514346122742
0.7744514346122742 0.7744514346122742
0.7744514346122742 0.7744514346122742
0.7744514346122742 0.7744514346122742
0.7744514346122742 0.7744514346122742
0.7744514346122742 0.7629597750802835
0.7744514346122742 0.7744514346122742
0.7744514346122742 0.7623369821657737
0.7744514346122742 0.7622120241944988
0.7744514346122742 0.7659461706876755
0.7744514346122742 0.7674439325928688
0.7744514346122742 0.7647490687668324
0.7744514346122742 0.7744514346122742
0.7744514346122742 0.7744514346122742
0.7744514346122742 0.7744514346122742
0.7744514346122742 0.7744514346122742
0.7744514346122742 0.7620590719704826
0.7744514346122742 0.763727750380834
0.7744514346122742 0.7744514346122742
0.7744514346122742 0.7744514346122742
0.7744514346122742 0.7744514346122742
0.7744514346122742 0.7634083801259597
0.7744514346122742 0.7744514346122742
0.7744514346122742 0.7744514346122742
0.7744514346122742 0.7744514346122742
0.7744514346122742 0.7744514346122742
0.7744514346122742 0.7744514346122742
0.7744514346122742 0.7744514346122742
0.7744514346122742 0.7744514346122742
0.7744514346122742 0.7628436863422394
0.7744514346122742 0.7744514346122742
0.7744514346122742 0.7744514346122742
0.7744514346122742 0.7744514346122742
0.7744514346122742 0.7744514346122742
0.7744514346122742 0.7630478341132403
0.7744514346122742 0.7744514346122742
0.7744514346122742 0.7744514346122742
0.7744514346122742 0.7634910178681215
0.7744514346122742 0.7744514346122742
0.7744514346122742 0.7744514346122742
0.7744514346122742 0.7744514346122742
0.7744514346122742 0.7744514346122742
0.7744514346122742 0.7744514346122742
0.7744514346122742 0.7744514346122742
0.7744514346122742 0.7744514346122742
0.7744514346122742 0.7744514346122742
0.7744514346122742 0.7744514346122742
0.7744514346122742 0.7628309279680252
0.7744514346122742 0.7744514346122742
0.7744514346122742 0.7744514346122742
0.7744514346122742 0.7744514346122742
0.7744514346122742 0.7744514346122742
0.7744514346122742 0.7744514346122742
0.7744514346122742 0.7744514346122742
0.7744514346122742 0.7744514346122742
0.7744514346122742 0.7744514346122742
0.7744514346122742 0.7744514346122742
0.7744514346122742 0.7744514346122742
0.7744514346122742 0.7503988505030672
0.7744514346122742 0.7744514346122742
0.7744514346122742 0.7744514346122742
0.7744514346122742 0.7744514346122742
0.7744514346122742 0.7744514346122742
0.7744514346122742 0.7744514346122742
0.7744514346122742 0.7744514346122742
0.7744514346122742 0.7744514346122742
0.7744514346122742 0.7744514346122742
0.7744514346122742 0.7744514346122742
0.7744514346122742 0.7744514346122742
0.7744514346122742 0.7744514346122742
0.7744514346122742 0.7744514346122742
0.7744514346122742 0.7744514346122742
0.7744514346122742 0.7645341793696085
0.7744514346122742 0.7744514346122742
0.7744514346122742 0.7744514346122742
0.7744514346122742 0.7744514346122742
0.7744514346122742 0.7744514346122742
0.7744514346122742 0.7744514346122742
0.7744514346122742 0.7744514346122742
0.7744514346122742 0.7744514346122742
0.7744514346122742 0.7744514346122742
0.7744514346122742 0.7744514346122742
