5888.0 9366.216666666667
5337.0 7747.383333333333
4667.0 6604.05
4667.0 5578.233333333334
3801.0 4889.5
4667.0 5008.233333333334
4667.0 4819.433333333333
3016.0 4806.383333333333
3016.0 4668.6
3016.0 4655.666666666667
3016.0 4479.183333333333
3016.0 4294.25
2776.0 4020.35
2467.0 3595.116666666667
2043.0 3340.7
2043.0 2843.2
2043.0 2550.1833333333334
2043.0 2274.2
2043.0 2264.0333333333333
2043.0 2204.3166666666666
2043.0 2228.9166666666665
2043.0 2173.883333333333
2043.0 2102.5833333333335
2043.0 2120.1666666666665
1742.0 2061.366666666667
2043.0 2046.0833333333333
2043.0 2049.1666666666665
2043.0 2055.3333333333335
1438.0 2076.0833333333335
1438.0 2041.9166666666667
1355.0 2005.2
1355.0 2015.05
1355.0 1816.55
1355.0 1740.1833333333334
1355.0 1504.0666666666666
1355.0 1390.15
1355.0 1355.0
1355.0 1355.0
1355.0 1355.0
1355.0 1400.1
1355.0 1360.8333333333333
1355.0 1376.7666666666667
1355.0 1412.2333333333333
1230.0 1392.8166666666666
1230.0 1398.0166666666667
1230.0 1335.3666666666666
1230.0 1333.5833333333333
1230.0 1344.3666666666666
1230.0 1343.5833333333333
1230.0 1346.45
1230.0 1312.1833333333334
1230.0 1343.4
1230.0 1313.95
1230.0 1277.05
1230.0 1254.4333333333334
1230.0 1252.6833333333334
1230.0 1245.15
978.0 1233.5833333333333
1230.0 1235.6833333333334
1230.0 1244.6333333333334
1230.0 1261.9833333333333
1230.0 1231.5166666666667
1230.0 1231.2333333333333
1230.0 1236.9666666666667
1230.0 1230.0
1230.0 1230.0
1230.0 1230.0
1230.0 1230.0
1230.0 1262.0
1230.0 1230.0
1230.0 1235.4333333333334
1230.0 1230.0
1230.0 1230.0
1230.0 1228.6166666666666
978.0 1217.4
978.0 1287.3166666666666
978.0 1222.55
978.0 1209.0
978.0 1221.6
978.0 1221.6
978.0 1196.4
978.0 1162.8
978.0 1158.6
978.0 1197.7666666666667
643.0 1112.45
643.0 963.1
643.0 760.7666666666667
643.0 667.9
643.0 643.0
643.0 643.0
643.0 643.0
643.0 650.5
643.0 643.0
643.0 643.0
643.0 643.0
643.0 643.0
643.0 643.0
643.0 646.6
643.0 643.0
643.0 643.0
643.0 643.0
643.0 643.0
643.0 643.0
643.0 643.0
643.0 643.0
643.0 678.1
643.0 643.0
643.0 643.0
643.0 643.0
643.0 643.0
643.0 693.3333333333334
643.0 643.0
643.0 660.2166666666667
643.0 643.0
643.0 663.05
643.0 643.0
643.0 643.0
643.0 643.0
643.0 643.0
643.0 643.0
643.0 643.0
643.0 643.0
643.0 676.2833333333333
643.0 643.0
643.0 643.0
643.0 643.0
643.0 664.7833333333333
643.0 643.0
643.0 643.0
643.0 678.7
643.0 643.0
643.0 671.3
643.0 643.0
643.0 656.5666666666667
643.0 643.0
643.0 643.0
643.0 643.0
643.0 643.0
643.0 643.0
643.0 652.8
643.0 643.0
643.0 643.0
643.0 643.0
643.0 643.0
643.0 643.0
643.0 643.0
643.0 665.7666666666667
643.0 643.0
643.0 643.0
643.0 648.8333333333334
643.0 643.0
643.0 643.0
643.0 643.0
643.0 658.4166666666666
643.0 701.85
643.0 659.5333333333333
643.0 669.4166666666666
643.0 643.0
643.0 643.0
643.0 665.35
643.0 643.0
643.0 643.0
643.0 643.0
643.0 643.0
643.0 643.0
643.0 643.0
643.0 653.2
643.0 643.0
643.0 643.0
643.0 643.0
643.0 643.0
643.0 660.3333333333334
643.0 643.0
643.0 643.0
643.0 682.7
643.0 643.0
643.0 643.0
643.0 643.0
643.0 643.0
643.0 663.95
643.0 660.3166666666667
643.0 643.0
643.0 643.0
643.0 643.0
643.0 643.0
643.0 643.0
643.0 643.0
643.0 643.0
643.0 643.0
643.0 661.7
643.0 643.0
643.0 643.0
643.0 643.0
643.0 708.9166666666666
643.0 643.0
643.0 643.0
643.0 643.0
643.0 684.3
643.0 676.6166666666667
643.0 643.0
643.0 643.0
643.0 643.0
643.0 643.0
643.0 643.0
643.0 643.0
643.0 643.0
643.0 643.0
643.0 643.0
643.0 643.0
643.0 643.0
643.0 643.0
643.0 643.0
643.0 643.0
643.0 643.0
643.0 643.0
643.0 643.0
643.0 643.0
643.0 667.5333333333333
643.0 643.0
643.0 643.0
643.0 643.0
643.0 643.0
643.0 643.0
643.0 643.0
643.0 643.0
643.0 643.0
643.0 643.0
643.0 643.0
643.0 643.0
643.0 643.0
643.0 681.6333333333333
643.0 643.0
643.0 643.0
643.0 643.0
643.0 643.0
643.0 656.5833333333334
643.0 643.0
643.0 643.0
643.0 643.0
643.0 643.0
643.0 643.0
643.0 643.0
643.0 643.0
643.0 643.0
643.0 654.2833333333333
643.0 654.2833333333333
643.0 643.0
643.0 643.0
643.0 643.0
643.0 643.0
643.0 643.0
643.0 643.0
643.0 643.0
643.0 679.5666666666667
643.0 643.0
643.0 643.0
643.0 643.0
643.0 643.0
643.0 643.0
643.0 643.0
643.0 643.0
643.0 643.0
643.0 643.0
643.0 674.0333333333333
643.0 643.0
643.0 643.0
643.0 643.0
643.0 643.0
643.0 643.0
643.0 643.0
643.0 643.0
643.0 643.0
643.0 643.0
643.0 643.0
643.0 643.0
643.0 643.0
643.0 643.0
643.0 643.0
643.0 643.0
643.0 643.0
643.0 643.0
643.0 643.0
643.0 643.0
643.0 643.0
643.0 643.0
643.0 674.7833333333333
643.0 643.0
643.0 643.0
643.0 643.0
643.0 643.0
643.0 643.0
643.0 643.0
643.0 643.0
643.0 643.0
643.0 643.0
643.0 674.7666666666667
643.0 643.0
643.0 643.0
643.0 643.0
643.0 643.0
643.0 643.0
643.0 643.0
643.0 643.0
643.0 643.0
643.0 643.0
643.0 643.0
643.0 673.45
643.0 643.0
643.0 669.5
643.0 643.0
643.0 643.0
643.0 690.9666666666667
643.0 643.0
643.0 659.5166666666667
643.0 643.0
643.0 643.0
643.0 643.0
643.0 643.0
643.0 643.0
643.0 643.0
643.0 643.0
643.0 643.0
643.0 643.0
643.0 643.0
643.0 643.0
643.0 643.0
643.0 643.0
643.0 643.0
643.0 643.0
643.0 643.0
643.0 643.0
643.0 643.0
643.0 643.0
643.0 643.0
643.0 643.0
643.0 643.0
643.0 643.0
643.0 691.6833333333333
643.0 669.35
643.0 643.0
643.0 643.0
643.0 643.0
643.0 643.0
643.0 643.0
643.0 643.0
643.0 643.0
643.0 690.2833333333333
643.0 662.5166666666667
643.0 643.0
643.0 643.0
643.0 716.55
643.0 643.0
643.0 643.0
643.0 673.2333333333333
643.0 643.0
643.0 668.7833333333333
643.0 657.5666666666667
643.0 643.0
643.0 656.15
643.0 643.0
643.0 643.0
643.0 643.0
643.0 654.05
643.0 643.0
643.0 643.0
643.0 686.4
643.0 676.8333333333334
643.0 661.1333333333333
643.0 643.0
643.0 643.0
643.0 643.0
643.0 643.0
643.0 643.0
643.0 661.85
643.0 643.0
643.0 668.7
643.0 680.7666666666667
643.0 647.9166666666666
643.0 647.2166666666667
643.0 655.4
643.0 643.0
643.0 643.0
643.0 643.0
643.0 643.0
643.0 687.2666666666667
643.0 658.25
643.0 643.0
643.0 643.0
643.0 643.0
643.0 656.0166666666667
643.0 643.0
643.0 643.0
643.0 643.0
643.0 643.0
643.0 643.0
643.0 643.0
643.0 643.0
643.0 665.7833333333333
643.0 643.0
643.0 643.0
643.0 643.0
643.0 643.0
643.0 659.6166666666667
643.0 643.0
643.0 643.0
643.0 655.95
643.0 643.0
643.0 643.0
643.0 643.0
643.0 643.0
643.0 643.0
643.0 643.0
643.0 643.0
643.0 643.0
643.0 643.0
643.0 660.6166666666667
643.0 643.0
643.0 643.0
643.0 643.0
643.0 643.0
643.0 643.0
643.0 643.0
643.0 643.0
643.0 643.0
643.0 643.0
643.0 643.0
643.0 697.7333333333333
643.0 643.0
643.0 643.0
643.0 643.0
643.0 643.0
643.0 643.0
643.0 643.0
643.0 643.0
643.0 643.0
643.0 643.0
643.0 643.0
643.0 643.0
643.0 643.0
643.0 643.0
643.0 653.9333333333333
643.0 643.0
643.0 643.0
643.0 643.0
643.0 643.0
643.0 643.0
643.0 643.0
643.0 643.0
643.0 643.0
643.0 643.0
