5855.0 11648.515
5081.0 10742.385
5081.0 9943.0
5081.0 9092.7
3034.0 8369.955
3034.0 6598.915
2554.0 5367.8
2554.0 4439.385
2237.0 3632.615
2237.0 3265.41
2237.0 3103.395
1451.0 3024.49
1794.0 2905.935
1794.0 2619.33
1588.0 2547.315
1449.0 2415.96
1298.0 2339.205
1298.0 2286.275
1298.0 2036.55
782.0 1834.73
645.0 1549.495
665.0 1507.075
782.0 1431.055
782.0 1373.24
782.0 1392.41
782.0 1401.795
609.0 1327.905
782.0 1342.105
1023.0 1314.63
645.0 1392.295
645.0 1327.47
1027.0 1312.675
1027.0 1322.695
732.0 1295.105
744.0 1278.11
1027.0 1328.4
1298.0 1347.55
1027.0 1303.3
1298.0 1298.03
1105.0 1320.655
1298.0 1321.48
1105.0 1309.135
1298.0 1323.945
1298.0 1319.15
1298.0 1349.35
1298.0 1365.22
1298.0 1300.73
1298.0 1301.81
1298.0 1317.67
1298.0 1311.0
1298.0 1312.795
1298.0 1313.635
1298.0 1323.76
1298.0 1307.24
1298.0 1310.975
1298.0 1322.045
1298.0 1342.625
1298.0 1357.8
1298.0 1322.84
1298.0 1335.16
1298.0 1315.465
1298.0 1314.16
1298.0 1318.455
707.0 1306.2
707.0 1264.03
707.0 1221.59
707.0 1200.15
707.0 1153.87
707.0 1072.03
707.0 922.68
707.0 839.105
707.0 796.63
707.0 755.165
707.0 748.425
707.0 747.115
707.0 730.68
707.0 743.675
707.0 730.405
707.0 763.295
707.0 741.25
707.0 762.45
707.0 720.85
707.0 738.8
707.0 740.35
707.0 742.045
707.0 732.725
707.0 707.385
707.0 724.07
707.0 730.625
707.0 719.7
707.0 737.435
707.0 716.88
707.0 709.57
707.0 727.83
707.0 711.935
707.0 747.26
707.0 734.11
707.0 744.11
707.0 712.435
707.0 739.2
707.0 762.03
707.0 728.87
707.0 740.745
707.0 734.01
707.0 741.12
707.0 721.405
707.0 745.795
707.0 707.0
707.0 722.175
707.0 715.905
707.0 725.505
707.0 754.33
707.0 732.885
707.0 708.5
707.0 729.795
707.0 716.385
707.0 738.515
707.0 727.7
707.0 724.825
707.0 750.76
707.0 747.93
707.0 739.73
707.0 725.11
707.0 707.0
707.0 724.67
707.0 731.025
707.0 780.015
707.0 746.025
707.0 772.51
707.0 734.42
707.0 749.555
707.0 762.845
707.0 730.99
707.0 719.21
707.0 722.45
707.0 731.13
707.0 714.355
707.0 735.445
707.0 730.555
707.0 727.95
707.0 741.02
707.0 726.06
707.0 769.125
707.0 737.185
707.0 719.065
707.0 714.37
707.0 724.975
707.0 750.145
707.0 723.8
707.0 771.495
707.0 747.455
707.0 756.2
707.0 744.225
707.0 730.935
707.0 747.16
707.0 756.865
707.0 709.315
707.0 746.935
707.0 714.11
707.0 742.78
707.0 763.93
707.0 712.195
707.0 715.665
707.0 718.15
707.0 734.075
707.0 753.15
707.0 741.46
707.0 731.87
707.0 766.995
707.0 715.92
707.0 726.085
707.0 730.745
707.0 724.0
707.0 776.45
707.0 726.195
707.0 717.26
707.0 718.915
707.0 756.365
707.0 714.63
707.0 738.195
707.0 717.42
707.0 725.335
707.0 734.54
707.0 739.115
707.0 771.825
707.0 778.995
707.0 738.72
707.0 714.125
707.0 718.31
707.0 722.57
707.0 727.91
707.0 720.195
707.0 711.72
707.0 764.935
707.0 707.0
707.0 782.27
707.0 756.395
707.0 748.38
707.0 750.89
707.0 728.54
707.0 716.57
707.0 716.165
707.0 734.835
707.0 723.945
707.0 742.405
707.0 750.795
707.0 769.285
707.0 714.505
707.0 746.87
707.0 707.0
707.0 730.975
707.0 736.77
707.0 716.57
707.0 778.82
707.0 739.585
707.0 751.685
707.0 740.945
707.0 734.995
707.0 766.885
707.0 756.455
707.0 731.34
707.0 731.48
707.0 785.545
707.0 755.09
707.0 748.795
707.0 707.0
707.0 752.09
707.0 729.495
707.0 747.625
707.0 707.0
707.0 718.975
707.0 722.28
707.0 744.295
707.0 749.92
707.0 716.01
707.0 725.85
707.0 718.12
707.0 728.985
707.0 757.11
707.0 720.81
707.0 737.805
707.0 746.19
707.0 749.465
707.0 809.87
707.0 760.85
707.0 751.08
707.0 738.095
707.0 732.1
707.0 718.54
707.0 726.75
707.0 797.22
707.0 776.87
707.0 737.135
707.0 710.96
707.0 731.15
707.0 726.49
707.0 734.45
707.0 752.38
707.0 724.69
707.0 731.14
707.0 757.875
707.0 750.21
707.0 723.775
707.0 723.82
707.0 735.45
707.0 725.255
707.0 765.165
707.0 717.56
707.0 724.18
707.0 727.05
707.0 747.125
707.0 761.215
707.0 720.48
707.0 707.0
707.0 748.71
707.0 717.485
707.0 713.985
707.0 746.805
707.0 727.22
707.0 719.18
707.0 727.305
707.0 713.975
707.0 739.79
707.0 742.185
707.0 715.855
707.0 721.54
707.0 733.975
707.0 721.13
707.0 707.0
707.0 727.51
707.0 743.48
707.0 726.43
707.0 746.265
707.0 745.15
707.0 735.965
707.0 726.365
707.0 707.0
707.0 721.02
707.0 729.975
707.0 736.005
707.0 725.195
707.0 741.635
707.0 736.33
707.0 735.63
707.0 752.59
707.0 721.33
707.0 729.795
707.0 772.91
707.0 707.0
707.0 736.13
707.0 748.985
707.0 765.825
707.0 707.0
707.0 738.895
707.0 758.77
707.0 723.6
707.0 719.66
707.0 717.845
707.0 735.455
707.0 724.225
707.0 735.01
707.0 725.625
707.0 751.235
707.0 761.32
707.0 721.21
707.0 743.88
707.0 734.365
707.0 707.0
707.0 713.3
707.0 731.06
707.0 735.885
707.0 739.47
707.0 764.11
707.0 765.0
707.0 727.055
707.0 764.985
707.0 721.17
707.0 748.27
707.0 758.86
707.0 743.2
707.0 762.155
707.0 716.15
707.0 765.84
707.0 755.435
569.0 737.725
569.0 756.635
569.0 737.465
569.0 744.55
569.0 774.205
569.0 732.23
569.0 716.93
569.0 737.01
498.0 674.905
498.0 676.625
326.0 704.375
326.0 714.11
326.0 697.54
326.0 653.455
326.0 608.57
326.0 542.185
326.0 417.07
326.0 472.88
326.0 384.625
326.0 360.075
326.0 337.255
326.0 394.925
326.0 385.47
326.0 329.81
326.0 358.59
326.0 361.395
326.0 326.0
326.0 345.055
326.0 344.04
326.0 331.655
326.0 326.0
326.0 356.725
326.0 365.595
326.0 338.525
326.0 352.97
326.0 326.0
326.0 350.69
326.0 362.23
326.0 326.0
326.0 326.0
326.0 334.93
326.0 352.535
326.0 337.42
326.0 336.08
326.0 374.41
326.0 338.16
326.0 356.1
326.0 347.64
326.0 384.67
326.0 336.73
326.0 349.29
326.0 352.56
326.0 326.0
326.0 326.0
326.0 331.515
326.0 350.0
326.0 340.105
326.0 369.245
326.0 343.535
326.0 326.0
326.0 350.775
326.0 326.0
326.0 340.01
326.0 368.265
326.0 345.25
326.0 354.91
326.0 345.985
326.0 335.14
326.0 326.0
326.0 345.52
326.0 326.0
326.0 349.175
326.0 337.275
326.0 369.165
326.0 347.87
326.0 343.44
326.0 334.305
326.0 326.0
326.0 337.425
326.0 327.22
326.0 339.885
326.0 350.01
326.0 348.895
326.0 333.875
326.0 351.12
326.0 360.565
326.0 347.96
326.0 356.465
326.0 353.465
326.0 350.74
326.0 368.425
326.0 326.0
326.0 342.165
326.0 326.0
326.0 358.655
326.0 373.015
326.0 343.155
326.0 338.25
326.0 336.945
326.0 333.615
326.0 345.11
326.0 339.92
326.0 335.72
326.0 326.0
326.0 342.33
326.0 348.945
326.0 331.48
326.0 334.405
326.0 342.71
326.0 326.0
326.0 326.0
326.0 340.05
326.0 326.0
326.0 326.0
326.0 335.69
326.0 337.91
326.0 326.0
326.0 326.0
326.0 370.19
326.0 335.24
326.0 360.485
326.0 326.0
326.0 341.815
326.0 326.0
326.0 331.93
326.0 337.37
326.0 348.73
326.0 388.135
326.0 346.105
326.0 360.425
326.0 326.0
326.0 326.0
326.0 326.0
326.0 371.005
326.0 345.495
326.0 359.125
326.0 344.425
326.0 335.04
326.0 344.08
326.0 347.175
326.0 345.245
326.0 335.11
326.0 357.33
326.0 354.06
326.0 331.52
326.0 352.25
326.0 326.0
326.0 366.465
326.0 326.0
326.0 374.515
326.0 326.0
326.0 330.22
326.0 349.895
326.0 356.37
326.0 336.33
326.0 368.125
326.0 340.585
326.0 332.22
326.0 367.96
326.0 351.95
326.0 326.0
326.0 341.995
326.0 340.175
326.0 343.205
326.0 355.105
326.0 326.0
326.0 338.53
326.0 333.005
326.0 326.0
326.0 375.81
326.0 339.905
326.0 350.325
326.0 326.0
326.0 349.075
326.0 334.195
326.0 326.0
326.0 328.535
326.0 354.865
326.0 350.02
326.0 336.955
326.0 333.615
326.0 341.6
326.0 326.0
326.0 350.36
326.0 361.835
326.0 326.0
326.0 326.0
326.0 344.415
326.0 346.04
326.0 343.45
326.0 364.705
326.0 340.655
326.0 361.31
326.0 326.0
326.0 326.0
326.0 348.02
326.0 334.26
326.0 355.59
326.0 352.675
326.0 328.88
326.0 340.445
326.0 345.56
326.0 364.945
326.0 377.66
326.0 362.355
326.0 360.615
326.0 371.7
326.0 350.225
326.0 345.575
326.0 364.745
326.0 334.945
326.0 351.145
326.0 344.03
326.0 345.555
326.0 365.645
326.0 326.0
326.0 333.73
326.0 333.73
326.0 385.83
326.0 356.285
326.0 404.49
326.0 326.0
326.0 352.135
326.0 346.545
326.0 332.86
326.0 359.49
