0.013181214220821857 0.004902108442038298
0.013181214220821857 0.009083622130565345
0.013181214220821857 0.010728702335618436
0.01719672977924347 0.012450789618305862
0.013181214220821857 0.012821276937611401
0.013181214220821857 0.012819542586803435
0.013181214220821857 0.013181214220821857
0.013181214220821857 0.013181214220821857
0.013181214220821857 0.013181214220821857
0.013181214220821857 0.01291870528832078
0.013181214220821857 0.013181214220821857
0.01757499948143959 0.013292941506952047
0.020336328074336052 0.013453178526833653
0.020471537485718727 0.014501568805426359
0.023066898807883263 0.014922831244766711
0.024101752787828445 0.016935235429555176
0.026346731930971146 0.018418739810585977
0.032438091933727264 0.02024847786873579
0.050058361142873764 0.023562774322927
0.05424320325255394 0.03058277813717723
0.08143942058086395 0.03489227261394262
0.09685280174016953 0.04721837043762207
0.10667269676923752 0.07377475440502167
0.18687526881694794 0.09557435311377048
0.18687526881694794 0.10586072683334351
0.20622146129608154 0.1459671887755394
0.20622146129608154 0.16233735904097557
0.20622146129608154 0.18266188055276872
0.20622146129608154 0.18231518149375917
0.20622146129608154 0.18537437289953232
0.18687526881694794 0.18564420461654663
0.18687526881694794 0.18441314041614532
0.18687526881694794 0.18564420461654663
0.18687526881694794 0.18482349514961244
0.18687526881694794 0.18523384988307953
0.18687526881694794 0.18605455935001372
0.18687526881694794 0.18605455935001372
0.18687526881694794 0.18441314041614532
0.18687526881694794 0.18605455935001372
0.18687526881694794 0.18687526881694794
0.18687526881694794 0.18376194041222335
0.18687526881694794 0.18687526881694794
0.18687526881694794 0.18687526881694794
0.18687526881694794 0.18687526881694794
0.18687526881694794 0.18687526881694794
0.18687526881694794 0.18687526881694794
0.18687526881694794 0.18687526881694794
0.18687526881694794 0.18687526881694794
0.18687526881694794 0.18687526881694794
0.18687526881694794 0.18687526881694794
