4210.0 9446.84
4210.0 5965.12
4210.0 5264.12
3656.0 4529.18
4210.0 4335.74
4210.0 4358.32
4210.0 4210.0
4210.0 4210.0
4210.0 4210.0
4210.0 4282.44
4210.0 4210.0
3728.0 4237.88
3671.0 4248.9
3929.0 4080.24
2755.0 3988.46
3323.0 3806.78
3318.0 3792.16
3291.0 3710.42
2666.0 3627.58
2321.0 3328.76
1942.0 3139.62
1904.0 2700.4
1549.0 2136.54
1209.0 1767.6
1209.0 1714.5
1204.0 1458.78
1204.0 1333.48
1204.0 1226.96
1204.0 1233.22
1204.0 1221.68
1209.0 1211.82
1209.0 1214.64
1209.0 1211.82
1209.0 1213.7
1209.0 1212.76
1209.0 1210.88
1209.0 1210.88
1209.0 1214.64
1209.0 1210.88
1209.0 1209.0
1209.0 1248.28
1209.0 1209.0
1209.0 1209.0
1209.0 1209.0
1209.0 1209.0
1209.0 1209.0
1209.0 1209.0
1209.0 1209.0
1209.0 1209.0
1209.0 1209.0
