3832.0 9102.816666666668
3832.0 6190.55
3832.0 4427.916666666667
3832.0 4122.1
3922.0 4046.5833333333335
3922.0 4136.0
5177.0 4208.133333333333
3832.0 4205.066666666667
3776.0 4133.55
3612.0 4074.4166666666665
3063.0 3965.016666666667
2960.0 3929.016666666667
2960.0 3633.75
2960.0 3416.2166666666667
2053.0 3158.9166666666665
2053.0 3086.4333333333334
2053.0 2832.9666666666667
2053.0 2356.3333333333335
2102.0 2254.5
2102.0 2251.7833333333333
2053.0 2184.4
2053.0 2165.2833333333333
1855.0 2221.5666666666666
1855.0 2125.95
1855.0 2066.75
1855.0 2001.7666666666667
1141.0 1870.6666666666667
1141.0 1817.5333333333333
1141.0 1794.8
1141.0 1776.0666666666666
1141.0 1595.3
1141.0 1338.3
1141.0 1231.2
1141.0 1209.9
1141.0 1214.5833333333333
1141.0 1158.65
1021.0 1191.35
1021.0 1139.0
1021.0 1149.25
1021.0 1224.1333333333334
1021.0 1145.4333333333334
859.0 1150.4666666666667
859.0 1022.5666666666667
859.0 973.1666666666666
859.0 918.8333333333334
859.0 942.8166666666667
859.0 912.7833333333333
859.0 880.2333333333333
859.0 924.3166666666667
859.0 885.2
859.0 924.4833333333333
859.0 864.7666666666667
859.0 891.9833333333333
859.0 859.0666666666667
859.0 859.0666666666667
859.0 859.0
859.0 859.0
859.0 870.5333333333333
859.0 859.0
859.0 859.0
859.0 859.0
859.0 859.0
859.0 859.0
859.0 903.3333333333334
859.0 957.8833333333333
859.0 863.4666666666667
859.0 859.0
859.0 869.7666666666667
859.0 859.0
859.0 859.0
859.0 859.0
859.0 859.0
859.0 859.0
859.0 859.0
859.0 880.95
859.0 859.0
859.0 909.2833333333333
859.0 859.0
859.0 859.0
859.0 859.0
859.0 859.0
859.0 875.15
859.0 859.0
859.0 859.0
859.0 859.0
859.0 888.9166666666666
859.0 885.4833333333333
859.0 878.05
859.0 871.4666666666667
859.0 897.8
859.0 859.0
859.0 888.15
859.0 888.8833333333333
859.0 859.0
859.0 859.0
859.0 859.0
859.0 859.0
859.0 881.0166666666667
859.0 891.0
859.0 962.2166666666667
859.0 869.9166666666666
859.0 890.75
859.0 867.5833333333334
859.0 892.9166666666666
859.0 929.2666666666667
859.0 880.45
859.0 859.0
859.0 859.0
859.0 859.0
859.0 889.9833333333333
859.0 859.0
859.0 859.0
859.0 876.2666666666667
859.0 859.0
859.0 859.0
859.0 885.0
859.0 859.0
859.0 859.0
859.0 859.0
859.0 859.0
859.0 891.8
859.0 859.0
859.0 859.0
859.0 859.0
859.0 859.0
859.0 885.95
859.0 859.0
859.0 859.0
859.0 902.3
859.0 934.7
859.0 922.85
859.0 859.0
859.0 859.0
859.0 912.2666666666667
859.0 935.1166666666667
859.0 859.0
859.0 874.5166666666667
859.0 862.3666666666667
859.0 885.15
859.0 859.0
859.0 906.7666666666667
859.0 864.75
859.0 859.0
859.0 903.8166666666667
859.0 859.0
859.0 859.0
859.0 859.0
859.0 859.0
859.0 859.0
859.0 859.0
859.0 859.0
859.0 917.4166666666666
859.0 930.1833333333333
859.0 868.2833333333333
859.0 902.95
859.0 865.6833333333333
859.0 859.0
859.0 932.1
859.0 859.0
859.0 905.0833333333334
859.0 879.3333333333334
859.0 859.0
859.0 901.4166666666666
859.0 859.0
859.0 859.0
859.0 886.3333333333334
859.0 859.0
859.0 859.0
859.0 875.6333333333333
859.0 859.0
859.0 859.0
859.0 859.0
859.0 881.95
859.0 866.8
859.0 893.8333333333334
859.0 859.0
859.0 859.0
859.0 889.8666666666667
859.0 889.8666666666667
859.0 859.0
859.0 880.5833333333334
859.0 859.0
859.0 926.1
859.0 859.0
859.0 859.0
859.0 859.0
859.0 859.0
859.0 859.0
859.0 859.0
859.0 859.0
859.0 859.0
859.0 859.0
859.0 859.0
859.0 859.0
859.0 880.3333333333334
859.0 859.0
859.0 859.0
859.0 859.0
859.0 978.8
859.0 904.2666666666667
859.0 969.95
859.0 859.0
859.0 922.0
859.0 889.85
859.0 895.2
859.0 859.0
859.0 859.0
859.0 870.9
859.0 859.0
859.0 867.0333333333333
859.0 879.0833333333334
859.0 859.0
859.0 859.0
859.0 910.6666666666666
859.0 859.0
859.0 859.0
859.0 866.2
859.0 883.7166666666667
859.0 888.6666666666666
859.0 859.0
859.0 859.0
859.0 915.7333333333333
859.0 859.0
859.0 859.0
859.0 897.9166666666666
859.0 859.0
859.0 881.55
859.0 883.4666666666667
859.0 882.3
859.0 859.0
859.0 859.0
859.0 952.1833333333333
859.0 885.9666666666667
859.0 880.85
859.0 943.1166666666667
859.0 859.0
859.0 859.0
859.0 898.55
859.0 859.0
859.0 859.0
859.0 859.0
859.0 859.0
859.0 859.0
859.0 859.0
859.0 859.0
859.0 869.9666666666667
859.0 899.2333333333333
859.0 859.0
859.0 923.5666666666667
859.0 917.2666666666667
859.0 859.0
859.0 859.0
859.0 859.0
859.0 886.5333333333333
859.0 859.0
859.0 859.0
859.0 859.0
859.0 859.0
859.0 870.75
859.0 880.7333333333333
859.0 918.0666666666667
859.0 892.6
859.0 875.6333333333333
859.0 893.3833333333333
859.0 909.2333333333333
859.0 898.7333333333333
859.0 897.85
859.0 888.7333333333333
859.0 859.0
859.0 859.0
859.0 859.0
859.0 859.0
859.0 911.7333333333333
859.0 900.45
859.0 870.3833333333333
859.0 859.0
859.0 859.0
859.0 859.0
859.0 859.0
859.0 888.3833333333333
859.0 859.0
859.0 878.65
859.0 908.0666666666667
859.0 869.9333333333333
859.0 886.6666666666666
859.0 872.8333333333334
859.0 859.0
859.0 859.0
859.0 859.0
859.0 873.9666666666667
859.0 859.0
859.0 859.0
859.0 883.9
859.0 859.0
859.0 859.0
859.0 859.0
859.0 922.85
859.0 859.0
859.0 859.0
859.0 859.0
859.0 926.1
859.0 967.3166666666667
859.0 859.0
859.0 859.0
859.0 859.0
859.0 859.0
859.0 859.0
859.0 888.8333333333334
859.0 859.0
859.0 859.0
859.0 902.5
859.0 859.0
859.0 910.3333333333334
859.0 878.0833333333334
859.0 888.8833333333333
859.0 859.0
859.0 859.0
859.0 892.2
859.0 893.0333333333333
859.0 859.0
859.0 901.2333333333333
859.0 859.0
859.0 859.0
859.0 859.0
859.0 891.05
859.0 935.4
859.0 946.2666666666667
859.0 933.2
859.0 881.9333333333333
859.0 859.0
859.0 892.15
859.0 870.4
859.0 895.2333333333333
859.0 886.5
859.0 874.65
859.0 859.0
859.0 859.0
859.0 859.0
859.0 859.0
859.0 859.0
859.0 920.85
859.0 892.4833333333333
859.0 859.0
763.0 857.4
859.0 859.0
859.0 953.8666666666667
859.0 859.0
859.0 859.0
859.0 889.4666666666667
859.0 866.3666666666667
859.0 859.0
859.0 859.0
859.0 874.7166666666667
859.0 874.7166666666667
859.0 859.0
859.0 859.0
859.0 859.0
859.0 898.9666666666667
859.0 897.3666666666667
859.0 881.3333333333334
859.0 859.0
859.0 859.0
859.0 859.0
859.0 859.0
859.0 869.9833333333333
859.0 859.0
859.0 959.45
859.0 882.2
859.0 881.3666666666667
859.0 881.3666666666667
859.0 859.0
859.0 878.7666666666667
859.0 859.0
859.0 895.3
859.0 915.85
859.0 890.4166666666666
859.0 864.5
859.0 882.15
859.0 859.0
859.0 859.0
859.0 885.45
859.0 859.0
859.0 880.4
859.0 859.0
859.0 918.95
859.0 859.0
859.0 859.0
859.0 859.0
859.0 859.0
859.0 859.0
859.0 883.2666666666667
859.0 859.0
859.0 859.0
859.0 902.9666666666667
859.0 879.4333333333333
859.0 896.9
859.0 933.3666666666667
859.0 859.0
859.0 873.2666666666667
859.0 859.0
859.0 889.6
859.0 859.0
859.0 859.0
859.0 859.0
859.0 885.65
859.0 859.0
859.0 859.0
859.0 881.6333333333333
859.0 859.0
859.0 859.0
859.0 859.0
859.0 859.0
859.0 874.4833333333333
859.0 859.0
859.0 870.2166666666667
859.0 859.0
859.0 876.1666666666666
859.0 859.0
859.0 876.7666666666667
859.0 859.0
859.0 859.0
859.0 859.0
859.0 859.0
859.0 878.9166666666666
859.0 859.0
859.0 912.7333333333333
859.0 859.0
859.0 859.0
859.0 874.9666666666667
859.0 859.0
859.0 888.7833333333333
859.0 897.8
859.0 859.0
859.0 859.0
859.0 934.6666666666666
859.0 859.0
859.0 859.0
859.0 892.8833333333333
859.0 872.3166666666667
859.0 859.0
859.0 927.15
859.0 859.0
859.0 926.95
859.0 881.9833333333333
859.0 859.0
859.0 871.0333333333333
859.0 871.0333333333333
859.0 859.0
859.0 859.0
859.0 873.1333333333333
