3958.0 10963.276
3958.0 9435.724
3958.0 7895.441
3958.0 6432.615
3841.0 5277.744
3613.0 4712.619
3353.0 4307.114
2983.0 4139.891
2983.0 4069.14
2983.0 3978.267
2983.0 3946.607
2983.0 3930.303
2527.0 3852.487
2613.0 3778.041
2596.0 3653.561
2112.0 3527.01
2112.0 3387.35
2112.0 3193.836
2112.0 3020.537
2112.0 2894.982
2112.0 2680.153
2112.0 2490.813
2112.0 2342.639
2112.0 2258.033
2112.0 2208.468
2112.0 2164.9
2112.0 2155.605
1873.0 2134.173
1873.0 2129.893
2112.0 2127.995
2112.0 2120.769
2112.0 2119.227
2112.0 2113.691
2112.0 2112.0
2112.0 2113.117
2112.0 2112.0
2112.0 2113.126
2112.0 2113.126
2112.0 2112.0
2112.0 2113.194
1873.0 2113.823
1873.0 2117.198
1873.0 2115.256
1873.0 2116.34
2112.0 2118.18
2053.0 2113.227
2053.0 2112.137
2112.0 2112.942
2112.0 2113.008
2112.0 2112.495
2112.0 2112.535
2112.0 2112.04
2112.0 2112.008
2070.0 2112.11
2053.0 2113.478
2112.0 2113.928
2110.0 2113.476
2110.0 2114.103
2110.0 2112.896
2110.0 2115.136
2110.0 2115.538
2110.0 2114.282
2110.0 2114.809
1983.0 2115.085
1983.0 2115.933
1983.0 2112.058
1983.0 2112.246
1873.0 2112.658
1873.0 2113.152
1873.0 2114.961
2053.0 2113.257
2053.0 2115.615
2053.0 2117.167
2053.0 2116.948
2053.0 2116.183
2053.0 2115.895
2110.0 2116.295
2110.0 2117.772
2110.0 2119.0
2053.0 2116.157
2053.0 2116.505
2053.0 2114.82
1873.0 2112.901
2053.0 2113.251
2053.0 2112.689
2053.0 2112.15
1865.0 2110.914
1865.0 2113.917
1865.0 2110.693
1865.0 2107.65
1865.0 2105.278
1865.0 2100.921
1865.0 2100.245
1865.0 2095.251
1865.0 2089.367
1865.0 2088.471
1865.0 2077.012
1865.0 2074.493
1537.0 2067.588
1537.0 2060.888
1865.0 2056.938
1865.0 2050.928
1865.0 2045.003
1865.0 2039.37
1865.0 2023.912
1865.0 2007.034
1865.0 1997.343
1865.0 1986.619
1873.0 1976.929
1873.0 1960.01
1873.0 1963.756
1873.0 1957.219
1873.0 1949.504
1873.0 1946.819
1340.0 1941.049
1340.0 1938.245
1340.0 1932.066
1340.0 1923.31
1184.0 1917.871
1340.0 1916.329
1184.0 1911.259
1184.0 1915.063
1184.0 1915.793
1281.0 1914.269
1281.0 1917.03
1281.0 1910.776
1222.0 1897.27
1222.0 1891.184
1281.0 1868.15
1281.0 1799.581
1222.0 1714.303
1222.0 1590.577
1222.0 1481.598
1222.0 1401.79
1222.0 1362.718
1222.0 1331.537
1222.0 1318.034
1222.0 1307.472
1222.0 1299.387
1222.0 1291.467
1222.0 1287.686
1222.0 1284.577
1222.0 1284.576
1122.0 1275.927
1222.0 1273.43
1222.0 1270.988
1222.0 1268.862
1222.0 1266.887
1222.0 1264.483
1222.0 1264.181
1222.0 1265.867
1222.0 1262.495
1222.0 1258.309
1222.0 1259.946
1222.0 1255.023
1222.0 1250.673
1222.0 1247.125
1222.0 1249.1
1222.0 1245.011
1222.0 1242.216
1222.0 1241.251
1222.0 1240.694
1222.0 1244.086
1222.0 1236.483
1222.0 1235.855
1222.0 1236.788
1222.0 1233.215
1222.0 1232.206
1222.0 1234.466
1222.0 1230.202
1222.0 1229.137
1222.0 1229.408
1222.0 1227.483
1222.0 1227.595
1222.0 1226.341
1222.0 1228.361
1222.0 1225.961
1222.0 1230.842
1222.0 1224.632
1222.0 1223.968
1222.0 1227.682
1222.0 1223.956
1222.0 1223.699
1222.0 1224.475
1222.0 1225.759
1222.0 1223.351
1222.0 1223.373
1222.0 1223.889
1222.0 1227.412
1222.0 1224.793
1222.0 1223.545
1222.0 1223.302
1184.0 1222.614
1222.0 1223.556
1122.0 1226.136
1122.0 1226.457
1122.0 1223.002
1122.0 1222.469
1122.0 1223.593
1122.0 1225.404
1122.0 1222.741
1122.0 1222.532
1122.0 1223.055
1122.0 1221.677
1122.0 1220.38
1122.0 1220.06
1122.0 1220.604
1122.0 1219.1
1122.0 1219.522
1122.0 1220.81
1122.0 1220.685
1122.0 1221.922
1122.0 1221.288
1122.0 1221.374
1122.0 1221.4
1122.0 1221.3
1122.0 1222.616
1122.0 1220.688
1122.0 1220.456
1122.0 1220.586
1122.0 1221.409
1122.0 1221.713
1122.0 1222.656
1122.0 1217.61
1122.0 1216.963
1122.0 1217.502
1122.0 1214.472
1122.0 1210.445
1122.0 1204.135
1122.0 1200.227
1122.0 1199.76
1122.0 1196.202
1122.0 1192.627
1122.0 1192.206
1122.0 1186.608
1122.0 1184.164
1122.0 1178.229
1122.0 1171.983
1122.0 1162.754
1122.0 1161.339
1122.0 1159.708
1122.0 1157.17
1122.0 1151.419
1122.0 1147.54
1122.0 1143.481
1122.0 1142.601
1122.0 1142.726
1122.0 1138.684
1122.0 1135.743
601.0 1136.829
601.0 1130.452
601.0 1120.305
601.0 1102.458
601.0 1041.373
601.0 938.648
601.0 786.057
601.0 681.836
601.0 631.658
601.0 611.346
601.0 606.113
601.0 603.508
601.0 602.114
601.0 601.612
601.0 601.678
601.0 603.029
601.0 602.323
601.0 601.987
601.0 602.759
601.0 601.0
601.0 601.907
601.0 601.0
601.0 601.143
601.0 601.512
601.0 604.651
601.0 601.143
601.0 601.0
601.0 601.0
601.0 604.822
601.0 602.855
601.0 604.71
601.0 603.854
601.0 601.0
601.0 601.0
601.0 601.0
601.0 601.0
601.0 604.203
601.0 604.014
601.0 602.143
601.0 601.0
601.0 601.0
601.0 601.0
601.0 601.0
601.0 601.0
601.0 602.027
601.0 601.386
601.0 601.0
601.0 601.573
601.0 601.955
601.0 602.654
601.0 601.0
601.0 601.438
601.0 601.0
601.0 601.25
601.0 602.357
601.0 601.932
601.0 602.961
601.0 603.676
601.0 601.943
601.0 601.438
601.0 601.584
601.0 603.113
601.0 602.508
601.0 601.365
601.0 601.438
601.0 601.219
601.0 601.073
601.0 601.172
601.0 601.0
601.0 601.0
601.0 601.0
601.0 601.028
601.0 601.394
601.0 602.702
601.0 601.388
601.0 601.0
601.0 601.0
601.0 601.0
601.0 601.0
601.0 601.0
601.0 601.0
601.0 601.0
601.0 601.0
601.0 603.755
601.0 601.0
601.0 604.06
601.0 601.0
601.0 601.0
601.0 601.512
601.0 601.512
601.0 603.048
601.0 602.94
601.0 603.554
601.0 601.0
601.0 601.712
601.0 601.0
601.0 602.942
601.0 604.099
601.0 603.726
601.0 601.0
601.0 602.996
601.0 601.0
601.0 602.299
601.0 604.822
601.0 601.0
601.0 601.0
601.0 601.759
601.0 603.258
601.0 602.514
601.0 601.0
601.0 601.386
601.0 601.0
601.0 601.0
601.0 602.779
601.0 601.365
601.0 601.73
601.0 601.0
601.0 601.0
601.0 601.0
601.0 601.0
601.0 602.951
601.0 601.0
601.0 601.0
601.0 601.0
601.0 601.14
601.0 601.28
601.0 601.14
601.0 601.0
601.0 603.661
601.0 601.576
601.0 601.552
601.0 603.208
601.0 601.647
601.0 601.0
601.0 601.944
601.0 601.146
601.0 601.66
601.0 602.818
601.0 601.0
601.0 601.0
601.0 602.198
601.0 602.708
601.0 601.599
601.0 601.777
601.0 601.0
601.0 601.163
601.0 601.827
601.0 602.654
601.0 601.827
601.0 601.0
601.0 601.0
601.0 601.0
601.0 601.0
601.0 602.204
601.0 602.36
601.0 601.492
601.0 601.298
562.0 600.993
562.0 601.372
562.0 600.454
562.0 601.391
562.0 602.162
562.0 600.337
562.0 601.117
562.0 600.103
562.0 601.318
562.0 600.493
562.0 602.224
562.0 601.352
562.0 599.902
562.0 601.312
562.0 600.292
562.0 599.713
562.0 599.83
562.0 599.869
562.0 599.869
562.0 600.548
562.0 600.412
562.0 598.816
562.0 600.175
562.0 599.694
562.0 599.011
562.0 599.965
562.0 599.362
562.0 598.819
562.0 598.738
562.0 597.589
562.0 596.791
562.0 595.892
562.0 598.155
562.0 595.17
562.0 596.824
562.0 595.951
562.0 595.102
562.0 594.467
562.0 593.786
562.0 594.323
562.0 594.2
562.0 594.603
562.0 591.278
562.0 589.105
562.0 590.271
562.0 588.559
562.0 587.731
562.0 586.446
562.0 586.675
562.0 584.551
562.0 581.421
562.0 580.158
562.0 579.872
562.0 577.859
562.0 576.688
562.0 577.198
562.0 575.542
562.0 576.859
562.0 572.932
562.0 572.119
562.0 570.475
562.0 568.24
562.0 568.382
562.0 567.134
562.0 566.329
562.0 566.29
562.0 566.71
562.0 566.336
562.0 565.51
562.0 564.574
562.0 566.104
562.0 563.56
562.0 563.599
562.0 563.638
562.0 563.17
562.0 563.614
562.0 563.293
562.0 562.625
562.0 564.684
562.0 562.078
562.0 563.827
562.0 564.331
562.0 562.0
562.0 562.445
562.0 562.0
562.0 562.0
562.0 563.113
562.0 562.0
562.0 562.0
562.0 562.0
562.0 562.0
562.0 562.0
562.0 562.433
562.0 562.523
562.0 566.746
562.0 563.25
562.0 562.607
562.0 562.0
562.0 562.067
562.0 562.067
562.0 563.023
562.0 562.0
562.0 562.0
562.0 564.672
562.0 562.668
562.0 562.253
562.0 567.058
562.0 562.771
547.0 562.718
562.0 562.0
562.0 562.0
562.0 562.0
562.0 562.804
562.0 563.576
562.0 563.287
547.0 562.547
562.0 562.0
562.0 562.0
562.0 563.566
562.0 563.059
562.0 565.166
562.0 563.048
562.0 562.674
562.0 562.0
562.0 562.0
562.0 562.0
562.0 562.0
562.0 562.0
562.0 564.834
562.0 562.0
562.0 563.384
562.0 562.0
562.0 562.0
562.0 562.35
562.0 562.0
562.0 562.0
562.0 562.0
562.0 562.0
562.0 562.0
562.0 562.0
562.0 562.0
562.0 562.0
562.0 562.0
562.0 562.0
562.0 562.0
562.0 562.93
562.0 562.0
562.0 562.0
562.0 562.916
562.0 562.909
562.0 562.0
562.0 562.327
562.0 563.897
562.0 562.324
562.0 562.519
562.0 562.0
562.0 562.0
562.0 562.0
562.0 562.0
562.0 562.208
562.0 563.553
562.0 564.885
562.0 562.497
562.0 562.497
562.0 564.042
562.0 562.0
562.0 564.036
562.0 564.036
562.0 564.13
562.0 562.292
562.0 562.292
562.0 562.0
562.0 562.0
562.0 562.0
562.0 563.743
562.0 562.988
562.0 562.0
562.0 565.474
562.0 564.855
562.0 562.637
562.0 562.526
562.0 562.918
562.0 562.918
562.0 562.0
562.0 562.0
562.0 562.0
562.0 563.136
562.0 562.0
562.0 562.0
444.0 563.401
444.0 561.882
562.0 562.0
562.0 562.0
562.0 563.326
562.0 562.0
562.0 562.0
562.0 562.995
562.0 562.545
562.0 562.0
562.0 562.0
562.0 562.0
562.0 562.0
562.0 562.0
562.0 562.0
562.0 562.0
562.0 562.0
562.0 562.0
562.0 564.372
562.0 564.182
562.0 562.987
562.0 562.0
562.0 562.097
562.0 562.0
562.0 562.0
562.0 562.0
562.0 562.0
562.0 562.0
562.0 562.553
562.0 562.455
562.0 562.098
562.0 565.218
562.0 562.03
562.0 562.12
562.0 562.12
562.0 562.627
562.0 562.0
562.0 564.377
562.0 562.0
562.0 562.737
562.0 566.303
562.0 564.211
562.0 563.474
562.0 562.0
562.0 563.41
562.0 562.0
562.0 562.0
562.0 562.0
562.0 564.046
562.0 562.0
562.0 562.0
562.0 562.0
562.0 563.305
562.0 562.807
562.0 562.269
562.0 562.918
562.0 563.221
562.0 562.0
562.0 562.318
512.0 562.059
512.0 563.262
562.0 563.88
562.0 562.0
562.0 562.128
562.0 562.384
562.0 562.647
562.0 562.647
562.0 563.025
562.0 562.128
562.0 563.963
562.0 562.243
562.0 562.243
562.0 562.471
562.0 562.755
562.0 562.421
562.0 562.421
562.0 562.0
562.0 562.0
562.0 563.325
562.0 563.871
562.0 562.0
562.0 567.361
562.0 564.971
562.0 562.0
562.0 562.0
562.0 562.241
562.0 564.225
562.0 562.482
562.0 563.496
562.0 562.0
562.0 562.0
562.0 564.285
494.0 561.864
494.0 562.573
494.0 562.369
494.0 563.271
494.0 561.712
494.0 561.188
494.0 561.534
494.0 560.436
494.0 560.436
494.0 559.552
494.0 558.491
494.0 557.675
494.0 556.995
494.0 556.731
494.0 556.165
494.0 552.533
494.0 549.66
494.0 545.648
494.0 543.096
494.0 542.995
494.0 536.934
494.0 531.66
494.0 525.668
494.0 523.365
494.0 515.672
494.0 512.776
494.0 508.295
494.0 506.838
494.0 504.887
494.0 502.333
494.0 501.972
494.0 502.762
494.0 499.046
494.0 496.727
494.0 497.955
494.0 497.837
494.0 495.475
494.0 495.777
494.0 496.244
494.0 495.703
494.0 494.782
494.0 494.0
494.0 494.0
494.0 494.0
494.0 494.0
494.0 494.0
494.0 495.306
494.0 494.0
494.0 495.91
494.0 494.0
494.0 494.0
494.0 494.0
494.0 495.476
494.0 494.0
494.0 494.0
494.0 494.244
494.0 495.031
494.0 494.804
494.0 494.0
494.0 494.0
494.0 494.0
494.0 494.814
494.0 496.234
494.0 494.0
494.0 494.0
494.0 495.363
494.0 495.942
494.0 494.826
494.0 494.0
494.0 494.0
494.0 494.0
494.0 494.0
494.0 494.949
494.0 494.0
494.0 495.05
494.0 494.0
494.0 496.891
494.0 494.0
494.0 494.0
494.0 496.105
494.0 496.846
494.0 495.331
494.0 495.285
494.0 494.0
494.0 494.0
494.0 494.0
494.0 494.0
494.0 494.0
494.0 494.0
494.0 494.0
494.0 494.0
494.0 494.0
494.0 494.426
494.0 494.0
494.0 494.714
494.0 494.998
494.0 494.422
494.0 494.0
494.0 495.131
494.0 497.527
494.0 494.882
494.0 494.0
494.0 494.487
494.0 494.0
494.0 494.0
494.0 494.0
494.0 494.0
494.0 494.0
494.0 496.29
494.0 494.257
494.0 494.373
494.0 494.866
494.0 494.0
494.0 494.0
494.0 495.397
494.0 495.994
494.0 495.564
494.0 495.295
494.0 495.954
494.0 495.414
494.0 494.885
494.0 494.0
494.0 494.0
494.0 494.0
494.0 494.0
494.0 495.598
494.0 495.487
494.0 495.094
494.0 494.0
494.0 494.0
494.0 494.355
494.0 494.0
494.0 494.0
494.0 494.462
494.0 494.309
494.0 494.0
494.0 494.0
494.0 494.926
494.0 496.118
494.0 494.0
494.0 494.0
494.0 494.898
494.0 494.0
494.0 495.002
494.0 494.0
494.0 494.0
494.0 494.989
494.0 494.0
494.0 494.0
494.0 495.098
354.0 493.75
354.0 493.26
354.0 489.52
354.0 482.167
354.0 475.223
354.0 461.988
354.0 445.433
354.0 422.88
354.0 402.72
354.0 385.42
354.0 369.12
354.0 362.82
354.0 357.64
354.0 355.82
354.0 355.019
354.0 355.566
354.0 354.0
354.0 354.0
354.0 354.0
354.0 354.797
354.0 356.447
354.0 354.0
354.0 354.0
354.0 354.0
354.0 354.0
354.0 354.0
354.0 354.0
354.0 354.0
354.0 354.0
354.0 356.665
354.0 354.0
354.0 354.0
354.0 354.0
354.0 354.454
354.0 354.0
354.0 354.0
354.0 354.0
354.0 354.0
354.0 354.0
354.0 354.0
354.0 354.0
354.0 354.0
354.0 354.786
354.0 354.786
354.0 354.0
354.0 354.0
354.0 354.878
354.0 354.0
354.0 354.69
354.0 354.638
354.0 356.245
354.0 354.0
354.0 354.0
354.0 354.525
354.0 354.0
354.0 354.0
354.0 355.721
354.0 354.0
354.0 354.807
354.0 355.079
354.0 354.0
354.0 354.686
354.0 354.0
354.0 354.0
354.0 354.0
354.0 354.0
354.0 354.0
354.0 354.0
354.0 354.0
354.0 354.0
354.0 354.0
354.0 354.0
354.0 354.247
354.0 354.0
354.0 354.0
354.0 354.721
354.0 355.044
354.0 354.0
354.0 355.31
354.0 354.0
354.0 354.0
354.0 354.0
354.0 354.0
354.0 354.948
354.0 354.0
354.0 354.0
354.0 354.0
354.0 354.0
354.0 354.0
354.0 355.213
354.0 354.0
354.0 355.957
354.0 354.0
354.0 354.0
354.0 354.0
354.0 356.509
354.0 354.0
354.0 354.0
354.0 354.0
354.0 354.0
354.0 354.0
354.0 354.0
354.0 354.0
354.0 354.869
354.0 354.903
354.0 354.0
354.0 354.0
354.0 355.774
354.0 354.887
354.0 354.0
354.0 354.0
354.0 354.0
354.0 354.0
354.0 354.0
354.0 354.963
354.0 355.926
354.0 354.508
354.0 354.0
354.0 354.91
354.0 354.0
354.0 354.0
354.0 355.56
354.0 354.0
354.0 354.0
354.0 355.735
354.0 354.0
354.0 357.103
354.0 355.942
354.0 354.0
354.0 355.394
354.0 354.0
354.0 354.0
354.0 354.0
354.0 354.0
354.0 354.0
354.0 354.0
354.0 354.0
354.0 354.782
354.0 354.0
354.0 354.716
354.0 356.187
354.0 354.0
354.0 354.168
354.0 354.0
354.0 354.0
354.0 355.123
354.0 354.0
354.0 355.044
354.0 354.0
354.0 354.0
354.0 354.0
354.0 354.0
354.0 354.0
354.0 354.952
354.0 354.0
354.0 354.0
354.0 355.449
354.0 354.0
354.0 354.366
354.0 354.366
354.0 354.0
354.0 356.023
354.0 354.0
354.0 354.909
354.0 355.939
354.0 354.0
354.0 354.0
354.0 355.157
354.0 356.781
354.0 354.0
354.0 354.0
354.0 354.0
354.0 354.0
354.0 354.0
354.0 354.0
354.0 354.0
354.0 354.0
354.0 354.0
354.0 354.0
354.0 354.0
354.0 354.0
354.0 354.0
354.0 354.0
354.0 354.0
354.0 358.208
354.0 354.521
354.0 354.79
354.0 354.0
354.0 354.0
354.0 354.0
354.0 354.0
354.0 355.431
354.0 354.0
354.0 354.0
354.0 354.0
354.0 354.0
354.0 354.0
354.0 354.0
354.0 354.0
354.0 354.0
354.0 354.0
354.0 355.292
354.0 354.0
354.0 354.0
354.0 354.475
354.0 354.0
354.0 354.0
354.0 355.186
354.0 354.0
354.0 354.0
354.0 355.064
354.0 354.0
354.0 354.0
354.0 354.0
354.0 354.465
354.0 354.0
354.0 354.39
354.0 354.0
354.0 354.724
354.0 354.362
354.0 354.0
354.0 354.207
354.0 354.0
354.0 354.0
354.0 354.0
354.0 354.0
354.0 354.0
354.0 354.0
354.0 354.0
354.0 354.0
354.0 354.0
354.0 354.0
354.0 354.0
354.0 356.214
354.0 354.0
354.0 356.169
354.0 354.0
354.0 354.999
354.0 357.001
354.0 354.976
354.0 356.972
354.0 354.0
354.0 358.541
354.0 354.0
354.0 354.0
354.0 354.0
354.0 354.0
354.0 355.96
354.0 354.0
354.0 355.327
354.0 354.0
354.0 354.0
354.0 354.0
354.0 355.237
354.0 355.98
354.0 354.0
354.0 354.0
354.0 354.0
354.0 355.016
354.0 354.0
354.0 354.0
354.0 354.0
354.0 354.626
354.0 354.0
354.0 354.0
354.0 354.0
354.0 354.0
354.0 354.0
354.0 354.0
354.0 354.0
354.0 354.0
354.0 354.0
354.0 356.001
354.0 354.0
354.0 358.821
354.0 354.0
354.0 354.0
354.0 355.73
354.0 354.0
354.0 355.768
354.0 355.535
354.0 354.0
354.0 354.0
354.0 354.0
354.0 354.0
354.0 354.0
354.0 354.0
354.0 354.969
354.0 354.0
354.0 354.62
354.0 354.0
354.0 354.0
354.0 354.0
354.0 354.0
354.0 354.267
354.0 354.0
354.0 354.909
354.0 355.525
354.0 354.0
354.0 354.0
354.0 354.925
354.0 354.0
354.0 354.0
354.0 357.238
354.0 354.968
354.0 355.548
354.0 354.991
354.0 354.0
354.0 354.0
354.0 354.0
354.0 356.213
354.0 354.0
354.0 354.0
354.0 354.0
354.0 354.0
354.0 354.98
354.0 354.9
354.0 354.0
354.0 354.894
354.0 354.0
354.0 354.809
354.0 354.0
354.0 354.0
354.0 354.0
354.0 354.0
354.0 354.0
354.0 354.0
354.0 354.0
354.0 354.0
354.0 354.0
354.0 354.0
354.0 354.758
354.0 354.0
354.0 354.0
354.0 354.0
354.0 354.0
354.0 354.0
354.0 354.0
354.0 354.737
354.0 354.0
354.0 354.945
354.0 354.0
354.0 354.0
354.0 354.0
354.0 354.0
354.0 354.0
354.0 354.0
354.0 354.0
354.0 355.091
354.0 355.873
354.0 354.0
354.0 354.0
354.0 354.0
354.0 354.0
354.0 354.0
354.0 354.0
354.0 354.495
354.0 355.1
354.0 354.0
354.0 354.0
354.0 355.51
354.0 354.0
354.0 354.0
354.0 354.0
354.0 354.0
354.0 354.178
354.0 354.089
354.0 356.342
354.0 354.0
354.0 354.0
354.0 354.732
354.0 354.0
354.0 354.0
354.0 354.0
354.0 355.127
354.0 354.686
354.0 354.522
354.0 355.142
354.0 354.893
354.0 355.233
354.0 354.956
354.0 355.2
354.0 354.0
354.0 356.14
354.0 354.0
354.0 354.0
354.0 354.734
354.0 354.844
354.0 354.193
354.0 354.773
354.0 354.257
354.0 354.0
354.0 354.0
354.0 354.0
354.0 354.0
354.0 354.0
354.0 354.521
354.0 355.399
354.0 354.0
354.0 354.0
354.0 356.048
354.0 354.0
354.0 354.0
354.0 354.0
354.0 354.0
354.0 356.128
354.0 354.848
354.0 355.164
354.0 354.0
354.0 354.0
354.0 355.769
354.0 356.45
354.0 354.0
354.0 354.176
354.0 354.0
354.0 354.25
354.0 355.039
354.0 354.0
354.0 354.0
354.0 354.0
354.0 354.0
354.0 354.0
354.0 354.0
354.0 354.0
354.0 355.146
354.0 354.319
354.0 354.0
354.0 354.0
354.0 354.0
354.0 354.998
354.0 354.0
354.0 354.0
354.0 354.584
354.0 355.162
354.0 354.924
354.0 357.94
354.0 355.386
354.0 354.0
354.0 358.068
354.0 354.442
354.0 354.0
354.0 354.0
354.0 354.0
354.0 356.285
354.0 354.741
354.0 355.523
354.0 354.343
354.0 354.824
354.0 354.56
354.0 358.28
354.0 354.0
354.0 354.0
354.0 354.0
354.0 354.0
354.0 354.0
354.0 354.599
354.0 354.0
354.0 354.0
354.0 355.542
354.0 354.0
354.0 354.0
354.0 354.0
354.0 354.0
354.0 354.164
354.0 354.0
354.0 354.0
354.0 354.0
354.0 354.0
354.0 356.856
354.0 354.0
354.0 356.072
354.0 357.227
354.0 355.036
354.0 354.979
354.0 354.0
354.0 355.048
354.0 354.0
354.0 354.0
354.0 354.0
354.0 354.0
354.0 354.0
354.0 354.0
354.0 354.0
354.0 354.968
354.0 354.0
354.0 354.866
354.0 356.472
354.0 354.0
354.0 354.0
354.0 355.066
354.0 355.224
354.0 354.0
354.0 354.0
354.0 354.0
354.0 354.0
354.0 354.0
354.0 354.0
354.0 354.0
354.0 354.0
354.0 354.0
354.0 357.636
354.0 354.0
354.0 354.0
354.0 354.0
354.0 354.0
354.0 355.614
354.0 354.0
354.0 354.0
354.0 354.0
354.0 354.0
354.0 354.0
354.0 359.302
354.0 354.0
354.0 354.792
354.0 354.752
354.0 354.0
354.0 354.0
354.0 354.0
354.0 354.0
354.0 355.048
354.0 354.737
354.0 354.0
354.0 354.0
354.0 355.819
354.0 354.0
354.0 355.036
354.0 354.987
354.0 354.0
354.0 354.866
354.0 354.0
354.0 354.0
354.0 354.735
354.0 354.0
354.0 354.0
354.0 356.136
354.0 354.0
354.0 354.0
354.0 355.475
354.0 354.0
354.0 354.0
354.0 354.0
354.0 354.0
354.0 354.915
354.0 354.0
354.0 354.0
354.0 355.16
354.0 354.0
354.0 354.0
354.0 354.0
354.0 354.848
354.0 354.0
354.0 354.0
354.0 354.0
354.0 356.608
354.0 354.0
354.0 354.0
354.0 354.0
354.0 354.0
354.0 354.0
354.0 354.0
354.0 354.0
354.0 354.0
354.0 354.946
354.0 354.5
354.0 354.0
354.0 354.752
354.0 354.0
354.0 354.778
354.0 356.828
354.0 354.0
354.0 354.0
354.0 354.0
354.0 354.0
354.0 354.0
354.0 354.0
354.0 354.0
354.0 354.0
354.0 354.854
354.0 355.016
354.0 355.016
354.0 354.0
354.0 355.14
354.0 354.36
354.0 354.709
354.0 354.0
354.0 354.0
354.0 354.0
354.0 354.0
354.0 354.0
354.0 356.442
354.0 354.862
354.0 354.0
354.0 354.0
354.0 354.0
354.0 354.0
354.0 354.0
354.0 355.926
354.0 354.0
354.0 354.0
354.0 354.0
354.0 355.068
354.0 354.0
354.0 355.558
354.0 354.0
354.0 354.0
354.0 354.168
354.0 354.757
354.0 359.203
354.0 354.876
354.0 356.201
354.0 355.607
354.0 355.676
354.0 354.0
354.0 354.0
354.0 354.0
354.0 354.0
354.0 354.0
354.0 354.0
354.0 355.945
354.0 354.0
354.0 354.0
354.0 354.0
354.0 354.0
354.0 354.0
354.0 354.0
354.0 354.0
354.0 354.939
354.0 354.0
354.0 355.433
354.0 354.0
354.0 354.0
354.0 354.807
354.0 354.671
354.0 354.0
354.0 354.0
354.0 354.0
354.0 355.05
354.0 354.0
354.0 355.508
354.0 354.0
354.0 355.039
354.0 354.987
354.0 354.0
354.0 354.0
354.0 354.991
354.0 354.0
354.0 354.0
354.0 354.0
354.0 354.0
354.0 354.0
354.0 355.084
354.0 357.086
354.0 354.0
354.0 354.0
354.0 354.602
354.0 355.042
354.0 354.0
354.0 357.193
354.0 354.0
354.0 354.0
354.0 354.0
354.0 354.0
354.0 354.0
354.0 355.088
354.0 355.039
354.0 354.0
354.0 354.614
354.0 354.527
354.0 354.0
354.0 354.356
354.0 355.068
354.0 354.0
354.0 355.207
354.0 357.492
354.0 354.0
354.0 354.0
354.0 356.44
354.0 354.191
354.0 354.0
354.0 356.495
354.0 354.0
354.0 354.0
354.0 355.34
354.0 354.0
354.0 354.0
354.0 356.152
354.0 355.088
354.0 354.935
354.0 354.0
354.0 355.063
354.0 356.126
354.0 354.924
354.0 354.0
354.0 354.0
354.0 354.0
354.0 356.568
354.0 355.942
354.0 354.0
354.0 354.0
354.0 354.0
354.0 355.04
354.0 354.0
354.0 354.686
354.0 354.0
354.0 354.0
354.0 355.127
354.0 355.127
354.0 354.0
354.0 359.187
354.0 354.0
354.0 355.44
354.0 358.874
334.0 353.96
334.0 354.496
334.0 353.98
354.0 354.0
354.0 354.0
354.0 354.0
354.0 354.0
354.0 354.0
354.0 354.0
354.0 354.536
354.0 354.536
354.0 354.506
354.0 354.0
354.0 354.0
354.0 354.0
354.0 354.0
354.0 354.375
354.0 354.0
354.0 356.226
354.0 355.078
354.0 354.0
354.0 354.0
354.0 354.0
354.0 354.0
354.0 357.602
354.0 355.464
354.0 354.0
354.0 354.694
354.0 354.694
354.0 354.694
354.0 354.0
354.0 354.0
354.0 356.632
354.0 356.233
354.0 356.338
354.0 354.598
354.0 354.153
354.0 354.0
354.0 354.854
354.0 354.0
354.0 357.513
354.0 354.0
354.0 356.862
354.0 354.0
354.0 354.0
354.0 354.0
354.0 354.0
354.0 354.973
354.0 355.761
354.0 354.0
354.0 355.067
354.0 355.279
354.0 354.0
354.0 355.548
354.0 354.319
354.0 355.116
354.0 354.0
354.0 354.444
354.0 354.0
354.0 354.0
354.0 354.362
354.0 354.0
354.0 354.562
354.0 354.0
354.0 354.0
354.0 354.0
354.0 354.0
354.0 354.0
354.0 354.0
354.0 354.6
354.0 354.0
354.0 354.522
354.0 356.046
354.0 354.863
354.0 355.542
354.0 354.0
354.0 354.582
354.0 354.0
354.0 354.24
354.0 354.952
354.0 354.0
354.0 354.0
354.0 354.0
354.0 354.0
354.0 354.0
354.0 354.0
354.0 354.69
354.0 354.0
354.0 354.889
354.0 354.0
354.0 354.0
354.0 354.0
354.0 356.366
354.0 354.451
354.0 354.451
354.0 354.0
354.0 354.0
354.0 354.0
354.0 354.0
354.0 354.0
354.0 354.0
354.0 354.926
354.0 354.0
354.0 354.0
354.0 357.033
354.0 354.0
354.0 354.816
354.0 355.796
354.0 354.0
354.0 355.46
354.0 355.46
354.0 355.46
354.0 354.0
354.0 354.0
354.0 354.294
354.0 354.294
354.0 354.0
354.0 354.0
354.0 357.006
354.0 354.0
354.0 354.0
354.0 354.0
354.0 354.0
354.0 354.0
354.0 355.188
354.0 354.0
354.0 354.999
354.0 354.0
354.0 354.0
354.0 354.0
354.0 354.0
354.0 354.0
354.0 354.0
354.0 354.0
354.0 354.0
354.0 354.0
354.0 354.0
354.0 354.0
354.0 354.0
354.0 354.0
354.0 354.729
354.0 354.0
354.0 354.0
354.0 354.0
354.0 354.424
354.0 354.0
354.0 354.0
354.0 354.0
354.0 354.998
354.0 354.758
354.0 354.0
354.0 354.0
354.0 354.0
354.0 354.0
354.0 354.824
354.0 354.0
354.0 354.0
354.0 354.0
354.0 354.0
354.0 354.0
354.0 354.854
354.0 354.0
354.0 356.052
354.0 354.0
354.0 354.0
354.0 354.0
354.0 354.0
354.0 355.631
354.0 357.912
354.0 354.0
354.0 354.0
354.0 354.0
354.0 354.0
354.0 354.0
354.0 354.0
354.0 354.0
354.0 356.749
354.0 354.0
354.0 354.867
354.0 354.0
354.0 354.0
354.0 354.0
354.0 354.586
354.0 354.0
354.0 355.023
354.0 355.56
354.0 355.264
354.0 354.0
354.0 354.326
354.0 354.866
354.0 354.0
354.0 354.52
354.0 354.0
354.0 354.0
354.0 354.0
354.0 354.0
354.0 354.0
354.0 355.939
354.0 355.737
354.0 357.366
354.0 355.412
354.0 354.0
354.0 354.0
354.0 356.896
354.0 354.0
354.0 354.0
354.0 354.0
354.0 354.0
354.0 354.0
354.0 354.926
354.0 355.103
354.0 354.0
354.0 354.0
354.0 354.0
354.0 354.0
354.0 354.874
354.0 354.0
354.0 354.0
354.0 354.0
354.0 354.0
354.0 354.924
354.0 354.78
354.0 354.0
354.0 354.0
354.0 355.218
354.0 354.0
354.0 355.175
354.0 354.832
354.0 354.0
354.0 355.226
354.0 354.0
354.0 355.113
354.0 355.113
354.0 354.0
354.0 354.0
354.0 354.977
354.0 354.0
354.0 354.961
354.0 355.986
354.0 354.96
354.0 354.0
354.0 354.647
354.0 355.033
354.0 354.609
354.0 354.264
354.0 354.528
354.0 354.792
354.0 354.0
354.0 354.62
354.0 355.24
354.0 354.0
354.0 354.0
354.0 355.313
354.0 354.0
354.0 354.741
354.0 354.0
354.0 355.556
354.0 354.0
354.0 354.0
354.0 355.954
354.0 357.555
354.0 354.0
354.0 354.671
354.0 354.0
354.0 354.0
354.0 354.676
354.0 354.0
354.0 354.0
354.0 354.0
354.0 354.0
354.0 356.511
354.0 354.0
354.0 354.0
354.0 354.0
354.0 354.706
354.0 354.414
354.0 354.0
354.0 354.0
354.0 354.0
354.0 354.0
354.0 354.0
354.0 354.0
354.0 354.0
354.0 354.0
354.0 355.528
354.0 354.0
354.0 354.595
354.0 354.601
354.0 354.0
354.0 354.614
354.0 356.132
354.0 354.0
354.0 354.721
354.0 354.01
354.0 354.006
354.0 354.006
354.0 354.83
354.0 355.57
354.0 354.0
354.0 356.145
354.0 354.0
354.0 354.0
354.0 355.149
354.0 354.0
354.0 354.0
354.0 354.601
354.0 354.0
354.0 354.0
354.0 354.0
354.0 354.0
354.0 354.0
354.0 354.0
354.0 354.0
354.0 354.0
354.0 354.0
354.0 354.0
354.0 354.0
354.0 354.0
354.0 354.0
354.0 354.431
354.0 354.0
354.0 354.0
354.0 354.0
354.0 355.279
354.0 354.0
354.0 354.0
354.0 354.0
354.0 354.0
354.0 354.0
354.0 354.0
354.0 354.0
354.0 354.0
354.0 354.0
354.0 358.608
354.0 354.0
354.0 354.829
354.0 354.0
354.0 355.142
354.0 354.0
354.0 354.607
354.0 354.676
354.0 355.031
354.0 354.0
354.0 354.0
354.0 354.918
354.0 354.922
354.0 354.6
354.0 354.0
354.0 354.0
354.0 354.0
354.0 354.696
354.0 354.0
354.0 354.0
354.0 354.0
354.0 354.0
354.0 354.0
354.0 357.592
354.0 354.0
354.0 354.0
354.0 354.0
354.0 355.026
354.0 354.0
354.0 355.387
354.0 354.114
354.0 355.161
354.0 354.0
354.0 354.0
354.0 354.0
354.0 354.0
354.0 354.0
354.0 354.582
354.0 356.241
354.0 354.595
354.0 354.717
354.0 354.0
354.0 354.0
354.0 354.0
354.0 354.0
354.0 354.0
354.0 354.0
354.0 354.956
354.0 354.297
354.0 354.594
354.0 354.0
354.0 354.926
354.0 354.0
354.0 354.682
354.0 354.909
354.0 354.0
354.0 354.0
354.0 354.0
354.0 354.0
354.0 355.211
354.0 356.36
354.0 354.0
354.0 354.0
354.0 359.438
354.0 354.0
354.0 355.656
354.0 354.0
354.0 354.0
354.0 356.86
354.0 354.321
354.0 354.321
354.0 355.316
354.0 354.0
354.0 354.0
354.0 354.0
354.0 354.775
354.0 356.138
354.0 354.0
354.0 355.048
354.0 354.0
354.0 355.305
354.0 355.623
354.0 354.928
354.0 354.0
354.0 354.0
354.0 354.271
354.0 355.207
354.0 354.0
354.0 354.0
354.0 355.019
354.0 354.0
354.0 354.0
354.0 354.0
354.0 355.238
354.0 354.0
354.0 354.0
354.0 355.606
354.0 355.132
354.0 355.892
354.0 355.562
354.0 354.0
354.0 354.0
354.0 354.963
354.0 354.344
354.0 354.0
354.0 355.36
354.0 354.0
354.0 354.0
354.0 355.466
354.0 354.941
354.0 354.0
354.0 354.0
354.0 354.0
354.0 354.0
354.0 354.0
354.0 354.0
354.0 359.205
354.0 354.0
354.0 354.0
354.0 354.0
354.0 354.0
354.0 354.0
354.0 354.0
354.0 355.336
354.0 355.336
354.0 357.337
354.0 354.0
354.0 354.0
354.0 354.991
354.0 354.652
354.0 356.133
354.0 354.0
354.0 354.0
354.0 354.0
354.0 354.0
354.0 354.978
354.0 354.0
354.0 354.0
354.0 354.0
354.0 354.908
354.0 354.687
354.0 354.0
354.0 354.0
354.0 354.0
354.0 354.0
354.0 356.154
354.0 356.003
354.0 355.183
354.0 354.0
354.0 354.0
354.0 354.0
354.0 355.109
354.0 355.683
354.0 354.0
354.0 355.097
354.0 354.0
354.0 354.0
354.0 354.0
354.0 355.464
354.0 354.0
354.0 354.0
354.0 354.0
354.0 354.0
354.0 354.541
354.0 354.0
354.0 355.142
354.0 355.343
354.0 354.0
354.0 354.64
354.0 354.0
354.0 354.663
354.0 355.637
354.0 354.0
354.0 354.0
354.0 354.666
354.0 354.333
354.0 354.0
354.0 354.0
354.0 354.0
354.0 354.557
354.0 354.168
354.0 354.625
354.0 354.0
354.0 354.0
354.0 354.552
354.0 355.043
354.0 354.706
354.0 356.151
354.0 355.162
354.0 354.983
354.0 354.973
354.0 357.088
354.0 354.02
354.0 354.01
354.0 355.766
354.0 355.494
354.0 354.0
354.0 354.0
354.0 354.872
354.0 355.872
354.0 355.664
354.0 354.0
354.0 354.0
354.0 354.0
354.0 354.0
354.0 354.0
354.0 354.0
354.0 354.0
354.0 354.0
354.0 356.935
354.0 354.0
354.0 354.0
354.0 354.0
354.0 354.0
354.0 355.05
354.0 354.0
354.0 354.764
354.0 354.0
354.0 354.0
354.0 354.915
354.0 354.784
354.0 354.743
354.0 354.0
354.0 355.084
354.0 354.0
354.0 354.0
354.0 354.0
354.0 354.0
354.0 355.552
354.0 354.776
354.0 354.0
354.0 354.0
354.0 354.0
354.0 354.0
354.0 357.139
354.0 356.303
354.0 354.0
354.0 354.0
354.0 354.0
354.0 354.0
354.0 354.0
354.0 354.0
354.0 354.0
354.0 354.442
354.0 354.0
354.0 354.516
354.0 354.0
354.0 354.0
354.0 355.434
354.0 355.724
354.0 354.868
354.0 354.0
354.0 354.0
354.0 354.0
354.0 354.0
354.0 354.0
354.0 354.0
354.0 355.612
354.0 354.0
354.0 354.0
354.0 354.345
354.0 354.0
354.0 354.0
354.0 354.0
354.0 354.0
354.0 354.0
354.0 354.0
354.0 354.0
354.0 354.0
354.0 354.0
354.0 354.75
354.0 354.0
354.0 354.0
354.0 354.0
354.0 354.0
354.0 354.0
354.0 358.614
354.0 354.0
354.0 356.379
354.0 354.0
354.0 354.0
354.0 354.0
354.0 354.0
354.0 354.528
354.0 354.0
354.0 354.0
354.0 354.375
354.0 354.0
354.0 355.929
354.0 355.039
354.0 354.0
354.0 354.0
354.0 354.0
354.0 354.0
354.0 354.464
354.0 354.0
354.0 354.0
354.0 355.448
354.0 354.0
354.0 355.46
354.0 354.564
354.0 355.116
354.0 354.0
354.0 354.0
354.0 355.068
354.0 355.586
354.0 354.0
354.0 355.246
354.0 354.0
354.0 354.0
354.0 355.08
354.0 356.16
354.0 354.0
354.0 354.81
354.0 354.0
354.0 354.0
354.0 354.0
354.0 354.0
354.0 355.168
354.0 354.0
354.0 356.636
354.0 354.574
354.0 354.85
354.0 354.0
354.0 354.0
354.0 355.167
354.0 354.0
354.0 354.495
354.0 354.81
354.0 354.0
354.0 354.0
354.0 354.0
354.0 354.0
354.0 354.0
354.0 354.0
354.0 354.0
354.0 354.0
354.0 355.13
354.0 354.967
354.0 354.0
354.0 354.0
354.0 354.67
354.0 354.0
354.0 354.423
354.0 354.0
354.0 354.728
354.0 354.0
354.0 354.0
354.0 354.0
354.0 354.0
354.0 354.895
354.0 355.293
354.0 354.0
354.0 355.201
354.0 354.0
354.0 355.514
354.0 355.611
354.0 354.0
354.0 358.26
354.0 354.0
354.0 354.0
354.0 355.424
354.0 354.493
354.0 354.0
354.0 354.0
354.0 354.0
354.0 354.73
354.0 354.0
354.0 355.864
354.0 354.0
354.0 354.65
354.0 354.0
354.0 354.0
354.0 355.024
354.0 354.0
354.0 355.086
354.0 355.999
354.0 354.0
354.0 354.0
354.0 354.0
354.0 355.676
354.0 354.0
354.0 354.0
354.0 354.0
354.0 354.0
354.0 355.534
354.0 354.0
354.0 354.0
354.0 354.0
354.0 354.908
354.0 354.0
354.0 354.0
354.0 354.0
354.0 355.018
354.0 355.572
354.0 354.0
354.0 354.0
354.0 354.736
354.0 354.788
354.0 354.0
354.0 354.0
354.0 354.207
354.0 356.32
354.0 354.0
354.0 354.0
354.0 355.148
354.0 354.495
354.0 354.0
354.0 354.0
354.0 354.319
354.0 357.443
354.0 354.0
354.0 358.211
354.0 354.0
354.0 354.0
354.0 354.0
354.0 354.0
354.0 356.452
354.0 354.0
354.0 354.464
354.0 357.336
354.0 354.727
354.0 356.612
354.0 354.0
354.0 354.965
354.0 354.0
354.0 354.0
354.0 354.0
354.0 354.207
354.0 354.0
354.0 354.0
354.0 354.0
354.0 354.0
354.0 356.135
354.0 354.0
354.0 354.0
354.0 354.62
354.0 354.0
354.0 354.908
354.0 356.733
354.0 354.0
354.0 354.0
354.0 354.0
354.0 354.0
354.0 354.728
354.0 354.728
354.0 354.947
354.0 354.0
354.0 354.0
354.0 355.14
354.0 354.0
354.0 354.0
354.0 354.0
354.0 355.403
354.0 354.442
354.0 354.0
354.0 354.0
354.0 355.413
354.0 355.042
354.0 354.0
354.0 354.0
354.0 354.0
354.0 354.0
354.0 355.274
354.0 354.0
354.0 354.784
354.0 355.77
354.0 354.784
354.0 355.568
354.0 354.0
354.0 355.528
354.0 356.102
354.0 356.518
354.0 354.0
354.0 354.0
354.0 354.0
354.0 355.714
354.0 354.362
354.0 354.0
354.0 354.0
354.0 354.0
354.0 354.0
354.0 354.0
354.0 354.0
354.0 354.0
354.0 354.0
354.0 354.0
336.0 353.982
336.0 355.275
354.0 354.0
354.0 354.0
354.0 354.0
354.0 354.0
354.0 354.0
354.0 355.624
354.0 355.59
354.0 354.0
354.0 358.292
354.0 354.0
354.0 354.0
354.0 354.672
354.0 354.0
354.0 354.0
354.0 354.0
354.0 359.37
354.0 354.937
354.0 355.577
354.0 354.0
354.0 354.0
354.0 354.0
354.0 354.0
354.0 354.0
354.0 354.0
354.0 355.166
354.0 354.0
354.0 354.0
354.0 354.0
354.0 354.0
354.0 354.0
354.0 354.0
354.0 354.0
354.0 354.28
354.0 354.28
354.0 354.793
354.0 354.28
354.0 354.28
354.0 354.0
354.0 354.702
354.0 354.0
354.0 355.118
354.0 354.0
354.0 354.552
354.0 354.0
354.0 354.0
354.0 355.23
354.0 354.0
354.0 354.0
354.0 354.0
354.0 354.0
354.0 354.0
354.0 354.0
354.0 354.0
354.0 355.101
354.0 354.0
354.0 354.0
354.0 354.0
354.0 354.0
354.0 354.0
354.0 354.0
354.0 354.0
354.0 354.0
354.0 354.0
354.0 356.291
354.0 355.436
354.0 354.0
354.0 354.0
354.0 354.0
354.0 355.59
354.0 354.0
354.0 354.0
354.0 354.0
354.0 354.0
354.0 354.0
354.0 354.0
354.0 354.0
354.0 354.0
354.0 354.0
354.0 354.0
354.0 354.0
354.0 354.0
354.0 354.0
354.0 354.0
354.0 354.0
354.0 354.0
354.0 354.0
354.0 354.0
354.0 354.0
354.0 354.0
354.0 354.0
354.0 354.0
354.0 354.0
354.0 356.208
354.0 354.0
354.0 354.0
354.0 354.0
354.0 357.284
354.0 355.116
354.0 354.43
354.0 354.0
354.0 354.0
354.0 355.631
354.0 354.321
354.0 354.0
354.0 354.0
354.0 354.0
354.0 354.0
354.0 354.0
354.0 354.598
354.0 354.0
354.0 354.0
354.0 354.0
354.0 354.511
354.0 355.449
354.0 355.72
354.0 354.0
354.0 354.366
354.0 354.0
354.0 354.0
354.0 354.0
354.0 354.0
354.0 354.0
354.0 354.0
354.0 354.0
354.0 354.0
354.0 354.0
354.0 355.857
354.0 354.474
354.0 354.0
354.0 354.0
354.0 354.0
354.0 355.134
354.0 354.0
354.0 354.0
354.0 354.0
354.0 354.821
354.0 354.0
354.0 354.0
354.0 354.0
354.0 354.0
354.0 354.0
354.0 354.0
354.0 355.038
354.0 354.0
354.0 354.852
354.0 355.079
354.0 354.503
354.0 355.272
354.0 356.106
354.0 354.0
354.0 354.738
354.0 354.0
354.0 354.294
354.0 355.266
354.0 355.494
354.0 354.0
354.0 354.0
354.0 354.0
354.0 354.0
354.0 354.0
354.0 354.0
354.0 354.0
354.0 354.0
354.0 354.0
354.0 354.0
354.0 354.0
354.0 355.668
354.0 354.0
354.0 354.39
354.0 354.0
354.0 354.0
354.0 354.0
354.0 354.0
354.0 354.424
354.0 354.424
354.0 354.0
354.0 354.0
354.0 354.0
354.0 354.689
354.0 355.324
354.0 354.662
354.0 354.662
354.0 356.272
354.0 354.0
354.0 354.993
354.0 354.0
354.0 354.0
354.0 354.0
354.0 354.935
354.0 354.0
354.0 354.0
354.0 354.0
354.0 354.0
354.0 355.338
354.0 355.762
354.0 354.0
354.0 354.0
354.0 354.0
354.0 355.346
354.0 354.0
354.0 354.0
354.0 354.0
354.0 354.0
354.0 354.612
354.0 355.84
354.0 354.0
354.0 354.0
354.0 354.0
354.0 354.0
354.0 354.0
354.0 356.298
354.0 354.667
354.0 354.0
354.0 354.0
354.0 354.0
354.0 354.0
354.0 354.0
354.0 354.654
354.0 354.327
354.0 354.0
354.0 354.0
354.0 354.957
354.0 354.32
354.0 354.64
354.0 354.0
354.0 354.0
354.0 354.0
354.0 354.633
354.0 354.0
354.0 354.0
354.0 354.0
354.0 355.312
354.0 355.337
354.0 355.12
354.0 354.627
354.0 354.0
354.0 354.0
354.0 354.0
354.0 357.818
354.0 355.426
354.0 354.0
354.0 354.0
354.0 358.123
354.0 354.0
354.0 354.0
354.0 354.0
354.0 354.0
354.0 354.0
354.0 356.427
354.0 354.0
354.0 354.0
354.0 354.0
354.0 354.0
354.0 354.0
354.0 355.632
354.0 354.0
354.0 354.0
354.0 354.0
354.0 354.28
354.0 358.396
354.0 354.0
354.0 354.338
354.0 354.0
354.0 354.0
354.0 354.0
354.0 354.0
354.0 354.0
354.0 354.0
354.0 354.0
354.0 355.31
354.0 354.0
354.0 354.0
354.0 354.942
354.0 357.128
354.0 354.0
354.0 355.063
354.0 355.154
354.0 354.0
354.0 355.314
354.0 356.565
354.0 356.621
354.0 354.0
354.0 354.0
354.0 354.0
354.0 354.0
354.0 355.692
354.0 354.0
354.0 354.0
354.0 355.109
354.0 354.837
354.0 355.119
354.0 354.0
354.0 354.0
354.0 354.0
354.0 354.848
354.0 354.0
354.0 354.903
354.0 355.095
354.0 354.0
354.0 354.844
354.0 354.0
354.0 354.0
354.0 354.0
354.0 354.0
354.0 354.0
354.0 354.0
354.0 355.066
354.0 354.0
354.0 354.0
354.0 354.0
354.0 354.0
354.0 357.432
354.0 356.046
354.0 354.0
354.0 355.823
354.0 354.0
354.0 355.635
354.0 354.0
354.0 355.042
354.0 354.0
354.0 355.398
354.0 355.302
354.0 354.948
354.0 354.948
354.0 355.265
354.0 354.0
354.0 355.478
354.0 354.0
354.0 354.0
354.0 354.0
354.0 354.0
354.0 354.0
354.0 354.0
354.0 354.0
354.0 355.202
354.0 354.0
354.0 354.486
354.0 354.486
354.0 354.0
354.0 354.0
354.0 355.384
354.0 356.618
354.0 354.0
354.0 354.0
354.0 354.0
354.0 354.995
354.0 355.087
354.0 354.0
354.0 355.413
354.0 355.442
354.0 354.707
354.0 354.0
354.0 354.0
354.0 354.0
354.0 354.0
354.0 354.492
354.0 354.984
354.0 354.492
354.0 355.122
354.0 354.0
354.0 354.0
354.0 354.0
354.0 354.0
354.0 355.144
354.0 354.0
354.0 354.0
354.0 354.0
354.0 354.0
354.0 355.048
354.0 354.0
354.0 354.17
354.0 355.304
354.0 354.0
354.0 354.0
354.0 354.0
354.0 355.885
354.0 354.0
354.0 354.0
354.0 356.673
354.0 354.929
354.0 354.807
354.0 354.387
354.0 355.51
354.0 354.0
354.0 354.0
354.0 354.0
354.0 355.147
354.0 354.861
354.0 354.861
354.0 354.0
354.0 354.844
354.0 354.0
354.0 354.0
354.0 354.0
354.0 354.0
354.0 354.0
354.0 354.0
354.0 354.0
354.0 354.0
354.0 354.0
354.0 354.0
354.0 354.532
354.0 354.0
354.0 354.0
354.0 354.627
354.0 354.627
354.0 354.0
354.0 354.0
354.0 354.0
354.0 354.0
354.0 354.0
354.0 354.0
354.0 356.684
354.0 355.585
354.0 354.0
354.0 356.251
354.0 354.0
354.0 354.0
354.0 354.0
354.0 354.364
354.0 354.952
354.0 356.216
354.0 354.0
354.0 354.0
354.0 355.715
354.0 354.0
354.0 354.0
354.0 355.702
354.0 354.0
354.0 354.0
354.0 354.0
354.0 354.0
354.0 354.0
354.0 354.0
354.0 354.0
354.0 354.0
354.0 354.0
354.0 354.0
354.0 356.167
354.0 354.0
354.0 354.0
354.0 355.096
354.0 354.812
354.0 355.674
354.0 355.692
354.0 357.474
354.0 355.068
354.0 354.0
354.0 354.0
354.0 356.422
354.0 354.0
354.0 354.0
354.0 354.0
354.0 355.321
354.0 354.0
354.0 354.747
354.0 354.0
354.0 356.859
354.0 354.479
354.0 355.235
354.0 354.0
354.0 354.954
354.0 354.0
354.0 354.0
354.0 354.0
354.0 354.0
354.0 354.0
354.0 354.601
354.0 354.0
354.0 355.256
354.0 354.0
354.0 354.989
354.0 354.989
354.0 354.0
354.0 355.22
354.0 354.473
354.0 354.946
354.0 355.549
354.0 355.549
354.0 354.0
354.0 354.0
354.0 354.0
354.0 354.0
354.0 355.288
354.0 354.0
354.0 354.0
336.0 353.964
336.0 354.714
336.0 357.892
336.0 353.91
336.0 353.946
336.0 353.982
354.0 354.0
354.0 354.0
354.0 354.0
354.0 354.0
354.0 354.0
354.0 354.0
354.0 354.0
354.0 355.714
354.0 354.0
354.0 354.0
354.0 354.0
354.0 354.0
354.0 354.0
354.0 354.0
354.0 354.434
354.0 355.408
354.0 356.541
354.0 355.482
354.0 354.0
354.0 354.0
354.0 354.177
354.0 354.0
354.0 355.781
354.0 354.0
354.0 354.0
354.0 354.0
354.0 354.0
354.0 354.0
354.0 354.0
354.0 354.0
354.0 354.0
354.0 354.0
354.0 354.0
354.0 354.648
354.0 354.0
354.0 354.0
354.0 354.0
354.0 354.835
354.0 354.0
354.0 354.726
354.0 354.726
354.0 354.0
354.0 354.989
354.0 354.0
354.0 354.0
354.0 354.178
354.0 354.0
354.0 354.0
354.0 354.869
354.0 357.486
354.0 355.486
354.0 354.0
354.0 354.0
354.0 356.085
354.0 355.026
354.0 355.22
354.0 354.0
354.0 354.0
354.0 354.0
354.0 354.0
354.0 354.0
354.0 354.0
354.0 354.0
354.0 354.0
354.0 354.0
354.0 354.0
354.0 355.034
354.0 354.0
354.0 354.0
354.0 356.299
354.0 356.099
354.0 357.972
354.0 354.0
354.0 354.0
354.0 354.535
354.0 354.193
354.0 354.193
354.0 354.0
354.0 354.0
354.0 354.0
354.0 354.948
354.0 354.948
354.0 354.0
354.0 354.0
354.0 354.47
354.0 354.624
354.0 354.0
354.0 354.0
354.0 354.0
354.0 354.0
354.0 354.221
354.0 354.893
354.0 355.552
354.0 354.0
354.0 354.39
354.0 354.0
354.0 354.0
354.0 354.0
354.0 354.0
354.0 354.0
354.0 354.0
354.0 355.038
354.0 354.0
354.0 354.0
354.0 354.0
354.0 354.493
354.0 354.618
354.0 354.0
354.0 354.0
354.0 354.0
354.0 354.0
354.0 356.188
354.0 354.0
354.0 354.0
354.0 354.784
354.0 356.459
354.0 354.0
354.0 354.0
354.0 354.0
354.0 354.0
354.0 355.067
354.0 355.734
354.0 355.109
354.0 354.0
354.0 357.176
354.0 354.0
354.0 354.0
354.0 354.0
354.0 354.0
354.0 356.413
354.0 354.0
354.0 354.0
354.0 354.0
354.0 354.0
354.0 355.192
354.0 354.0
354.0 354.0
354.0 355.006
354.0 354.0
354.0 355.789
354.0 354.0
354.0 354.0
354.0 354.0
354.0 354.0
354.0 354.884
354.0 354.65
354.0 354.65
354.0 354.325
354.0 355.371
354.0 354.0
354.0 354.847
354.0 355.978
354.0 355.806
354.0 354.0
354.0 354.0
354.0 354.0
354.0 354.325
354.0 354.0
354.0 354.0
354.0 354.0
354.0 354.0
354.0 354.0
354.0 354.488
354.0 354.0
354.0 355.183
354.0 357.201
354.0 355.169
354.0 354.0
354.0 354.0
354.0 354.0
354.0 354.0
354.0 354.0
354.0 354.0
354.0 354.304
354.0 354.0
354.0 354.089
354.0 355.23
354.0 354.0
354.0 354.0
354.0 354.0
354.0 354.993
354.0 354.0
354.0 354.0
354.0 354.88
354.0 354.0
354.0 354.425
354.0 354.0
354.0 354.0
354.0 354.563
354.0 354.0
354.0 354.0
354.0 354.0
354.0 355.754
354.0 354.0
354.0 355.307
354.0 354.0
354.0 355.414
354.0 355.778
354.0 356.051
354.0 354.0
354.0 354.0
354.0 354.638
354.0 354.674
354.0 356.55
354.0 354.0
354.0 355.272
354.0 354.0
354.0 354.436
354.0 354.0
354.0 354.0
354.0 354.0
354.0 355.123
354.0 355.81
354.0 355.857
354.0 355.855
354.0 355.354
354.0 354.0
354.0 354.0
354.0 355.292
354.0 355.292
354.0 354.846
354.0 354.0
354.0 354.633
354.0 354.0
354.0 354.319
354.0 354.0
354.0 354.0
354.0 354.0
354.0 355.036
354.0 354.0
354.0 356.053
354.0 354.452
354.0 354.0
354.0 354.0
354.0 354.0
354.0 356.77
354.0 354.0
354.0 354.0
354.0 354.0
354.0 354.0
354.0 354.0
354.0 354.0
354.0 354.0
354.0 354.838
354.0 355.398
354.0 354.0
354.0 355.452
354.0 354.696
354.0 355.058
354.0 354.0
354.0 354.0
354.0 354.984
354.0 354.0
354.0 354.0
354.0 354.0
354.0 354.0
354.0 354.0
354.0 354.0
354.0 354.0
354.0 354.0
354.0 354.0
354.0 354.0
354.0 354.0
354.0 354.976
354.0 354.0
354.0 355.995
354.0 354.0
354.0 354.0
354.0 354.0
354.0 354.0
354.0 354.472
354.0 355.17
354.0 354.638
354.0 354.0
354.0 354.761
354.0 354.0
354.0 354.0
354.0 354.0
354.0 355.272
354.0 354.0
354.0 354.0
354.0 355.179
354.0 354.0
354.0 354.0
354.0 354.0
354.0 354.0
354.0 354.0
354.0 354.0
354.0 354.735
354.0 354.0
354.0 354.313
354.0 354.0
354.0 355.02
354.0 358.0
354.0 354.0
354.0 354.0
354.0 354.0
354.0 354.0
354.0 354.0
354.0 354.895
354.0 354.854
354.0 354.0
354.0 354.0
354.0 354.0
354.0 354.0
354.0 355.704
354.0 354.0
354.0 356.919
354.0 354.0
354.0 354.0
354.0 354.0
354.0 354.835
354.0 355.536
354.0 354.0
354.0 354.0
354.0 355.836
354.0 354.0
354.0 354.0
354.0 354.0
354.0 354.0
354.0 354.0
354.0 354.0
354.0 354.0
354.0 354.0
354.0 354.0
354.0 354.0
354.0 355.066
354.0 354.0
354.0 354.0
354.0 354.0
354.0 354.934
354.0 354.0
354.0 355.093
354.0 354.0
354.0 354.0
354.0 354.0
354.0 354.0
354.0 354.858
354.0 354.838
354.0 354.0
354.0 356.494
354.0 354.874
354.0 355.066
354.0 354.0
354.0 354.0
354.0 354.0
354.0 354.375
354.0 354.674
354.0 354.0
354.0 354.0
354.0 355.604
354.0 354.0
354.0 354.0
354.0 354.0
354.0 354.0
354.0 354.0
354.0 354.0
354.0 354.0
354.0 354.0
354.0 358.746
354.0 354.0
354.0 354.0
354.0 355.12
354.0 354.0
354.0 354.85
354.0 356.667
354.0 354.0
354.0 355.668
354.0 358.094
354.0 354.0
354.0 354.0
354.0 356.325
354.0 354.0
354.0 354.0
354.0 354.0
354.0 354.773
354.0 354.0
354.0 354.0
354.0 354.0
354.0 354.0
354.0 354.0
354.0 354.0
354.0 354.0
354.0 354.0
354.0 354.0
354.0 354.0
354.0 357.382
354.0 354.547
354.0 354.0
354.0 354.0
354.0 354.0
354.0 354.258
354.0 355.001
354.0 354.743
354.0 354.0
354.0 354.0
354.0 354.0
354.0 354.0
354.0 355.558
354.0 354.0
354.0 354.0
354.0 354.995
354.0 354.0
354.0 354.821
354.0 355.642
354.0 355.982
354.0 355.528
354.0 355.46
354.0 354.0
354.0 354.0
354.0 354.711
354.0 354.711
354.0 354.13
354.0 354.0
354.0 354.0
354.0 354.0
354.0 354.804
354.0 354.179
354.0 355.358
354.0 356.69
354.0 354.795
354.0 355.778
336.0 353.964
336.0 354.899
354.0 354.0
354.0 354.0
354.0 354.0
354.0 354.835
354.0 354.0
354.0 354.0
354.0 354.0
354.0 354.0
354.0 354.829
354.0 354.0
354.0 355.106
354.0 356.337
354.0 354.0
354.0 354.0
354.0 354.0
354.0 354.0
354.0 354.0
354.0 354.0
354.0 354.0
354.0 354.614
354.0 356.88
354.0 354.0
354.0 355.307
354.0 354.0
354.0 354.0
354.0 354.0
354.0 355.975
354.0 354.0
354.0 354.0
354.0 354.0
354.0 354.0
354.0 354.0
354.0 354.0
354.0 354.0
354.0 354.0
354.0 354.0
354.0 355.419
354.0 354.0
354.0 354.918
354.0 354.0
354.0 354.0
354.0 354.0
354.0 354.0
354.0 354.0
354.0 354.0
354.0 354.0
354.0 357.436
354.0 354.0
354.0 354.0
354.0 354.0
354.0 355.379
354.0 357.375
354.0 355.97
354.0 355.636
354.0 354.334
354.0 354.334
354.0 354.334
354.0 354.0
354.0 354.0
354.0 356.983
354.0 354.78
354.0 354.0
354.0 354.0
354.0 354.0
354.0 355.55
354.0 354.775
354.0 356.018
354.0 354.0
354.0 354.0
354.0 354.0
354.0 354.0
354.0 354.0
354.0 354.0
354.0 354.0
354.0 354.371
354.0 354.0
354.0 354.491
354.0 355.197
354.0 354.0
354.0 355.299
354.0 354.0
354.0 354.771
354.0 354.0
354.0 355.661
354.0 354.0
354.0 355.607
354.0 355.299
354.0 354.0
354.0 354.0
354.0 354.0
354.0 355.078
354.0 354.0
354.0 354.582
354.0 354.0
354.0 354.0
354.0 354.774
354.0 355.536
354.0 354.0
354.0 354.568
354.0 355.341
354.0 354.0
354.0 354.0
354.0 355.322
354.0 357.875
354.0 354.0
354.0 354.0
354.0 355.392
354.0 354.0
354.0 354.0
354.0 357.112
354.0 354.918
354.0 354.0
354.0 354.0
354.0 355.268
354.0 354.741
354.0 354.0
354.0 354.722
354.0 354.0
354.0 357.792
354.0 354.0
354.0 354.0
354.0 354.0
354.0 354.389
354.0 354.0
354.0 355.354
354.0 354.0
354.0 356.876
354.0 354.316
354.0 354.0
354.0 354.0
354.0 354.0
354.0 355.131
354.0 356.786
354.0 355.131
354.0 354.0
354.0 355.645
354.0 354.776
354.0 354.0
354.0 354.525
354.0 355.203
354.0 354.0
354.0 354.0
354.0 354.0
354.0 355.578
354.0 355.253
354.0 354.0
354.0 355.708
354.0 354.404
354.0 354.404
354.0 354.0
354.0 354.0
354.0 354.001
354.0 355.281
354.0 355.703
354.0 354.0
354.0 354.0
354.0 354.0
354.0 355.82
354.0 354.0
354.0 355.122
354.0 354.0
354.0 354.325
354.0 354.0
354.0 354.324
354.0 359.566
354.0 354.604
354.0 354.0
354.0 354.0
354.0 354.0
354.0 355.207
354.0 355.255
354.0 356.265
354.0 354.0
354.0 354.0
354.0 354.0
354.0 354.0
354.0 354.107
354.0 355.755
354.0 355.063
354.0 354.0
354.0 354.0
354.0 354.0
354.0 355.892
354.0 354.0
354.0 354.0
354.0 354.0
354.0 354.0
354.0 354.0
354.0 354.0
354.0 354.0
354.0 354.0
354.0 354.0
354.0 354.0
354.0 354.0
354.0 354.0
354.0 354.532
354.0 356.78
354.0 354.0
354.0 355.774
354.0 354.0
354.0 354.0
354.0 354.954
354.0 354.0
354.0 354.0
354.0 354.0
354.0 354.0
354.0 354.0
354.0 354.0
354.0 354.0
354.0 354.0
354.0 354.382
354.0 354.0
354.0 354.0
354.0 354.0
354.0 355.118
354.0 354.0
354.0 354.0
354.0 354.0
354.0 355.055
354.0 354.0
354.0 354.0
354.0 354.0
354.0 355.21
354.0 354.0
354.0 355.707
354.0 354.0
354.0 355.095
354.0 354.0
354.0 354.0
354.0 356.912
354.0 355.285
354.0 355.105
354.0 354.0
354.0 354.0
354.0 354.0
354.0 354.0
354.0 354.0
354.0 355.838
354.0 354.0
354.0 354.773
354.0 354.0
354.0 354.768
354.0 354.903
354.0 357.233
354.0 354.0
354.0 354.0
354.0 354.0
354.0 357.038
354.0 354.0
354.0 354.0
354.0 354.0
354.0 355.784
354.0 354.0
354.0 354.0
354.0 354.0
354.0 354.0
354.0 354.0
354.0 354.0
354.0 355.219
354.0 354.969
354.0 354.0
354.0 354.0
354.0 356.244
354.0 354.0
354.0 354.342
354.0 354.0
354.0 355.119
354.0 354.0
354.0 354.0
354.0 354.759
354.0 354.0
354.0 354.616
354.0 355.798
354.0 356.301
354.0 354.0
354.0 354.0
354.0 354.541
354.0 354.541
354.0 354.0
354.0 354.573
354.0 354.0
354.0 354.0
354.0 354.0
354.0 354.0
354.0 354.0
354.0 354.406
354.0 354.0
354.0 354.0
354.0 354.652
354.0 357.032
354.0 354.819
354.0 354.0
354.0 354.0
354.0 354.0
354.0 354.638
354.0 354.0
354.0 355.128
354.0 354.0
354.0 354.0
354.0 354.0
354.0 355.08
354.0 354.0
354.0 354.0
354.0 354.158
354.0 354.079
354.0 354.079
354.0 354.0
354.0 354.0
354.0 354.0
354.0 354.0
354.0 357.234
354.0 354.841
354.0 354.129
354.0 354.0
354.0 354.0
354.0 354.0
354.0 354.229
354.0 354.229
354.0 356.901
354.0 354.0
354.0 355.058
354.0 357.601
354.0 355.506
354.0 356.406
354.0 354.0
354.0 354.0
354.0 354.0
354.0 354.927
354.0 354.0
354.0 356.365
354.0 354.0
354.0 355.816
354.0 354.0
354.0 354.0
354.0 354.0
354.0 354.0
354.0 354.777
354.0 354.0
354.0 355.134
354.0 354.0
354.0 354.0
354.0 354.0
354.0 354.0
354.0 354.0
354.0 354.65
354.0 355.473
354.0 354.0
354.0 354.0
354.0 354.0
354.0 354.0
354.0 355.369
354.0 354.158
354.0 355.406
354.0 355.649
354.0 354.372
354.0 354.0
354.0 354.0
354.0 354.612
354.0 356.579
354.0 354.297
354.0 355.064
354.0 354.612
354.0 356.004
354.0 354.0
354.0 354.0
354.0 355.255
354.0 354.0
354.0 355.86
354.0 354.62
354.0 354.0
354.0 354.0
354.0 355.342
354.0 354.0
354.0 354.0
354.0 355.544
354.0 354.0
354.0 354.0
354.0 355.7
354.0 354.0
354.0 354.0
354.0 356.29
354.0 354.0
354.0 356.302
354.0 356.012
354.0 356.731
354.0 355.822
354.0 354.0
354.0 355.332
354.0 354.0
354.0 354.0
354.0 356.495
354.0 354.0
354.0 354.0
354.0 355.22
354.0 354.0
354.0 354.0
354.0 354.0
354.0 354.0
354.0 354.0
354.0 354.0
354.0 354.615
354.0 354.0
354.0 354.0
354.0 354.0
354.0 354.0
354.0 354.0
354.0 354.0
354.0 355.85
354.0 354.456
354.0 356.084
354.0 356.103
354.0 354.0
354.0 354.738
354.0 354.0
354.0 354.0
354.0 354.0
354.0 355.091
354.0 355.177
354.0 354.0
354.0 354.733
354.0 354.0
354.0 354.98
354.0 354.0
354.0 354.0
354.0 354.0
354.0 354.0
354.0 354.0
354.0 354.0
354.0 354.0
354.0 354.167
354.0 354.167
354.0 354.0
354.0 355.874
354.0 354.0
354.0 356.152
354.0 355.874
336.0 353.946
336.0 355.08
336.0 354.292
336.0 354.656
354.0 355.931
354.0 354.129
354.0 354.0
354.0 355.051
354.0 354.0
354.0 354.779
354.0 354.0
354.0 355.696
354.0 354.0
354.0 357.318
354.0 355.08
354.0 354.0
354.0 354.0
354.0 354.0
354.0 354.0
354.0 354.625
354.0 354.0
354.0 355.097
354.0 354.0
354.0 354.0
354.0 355.265
354.0 354.0
354.0 354.0
354.0 354.0
354.0 355.073
354.0 354.0
354.0 354.0
354.0 354.0
354.0 354.0
354.0 354.944
354.0 354.412
354.0 354.412
354.0 354.0
354.0 354.28
354.0 354.0
354.0 354.961
354.0 356.244
354.0 357.324
354.0 354.91
354.0 354.0
354.0 357.18
354.0 354.902
354.0 354.996
354.0 354.0
354.0 354.0
354.0 354.0
354.0 355.608
354.0 355.608
354.0 354.0
354.0 356.732
354.0 354.72
354.0 354.177
354.0 354.0
354.0 355.791
354.0 354.0
354.0 354.0
354.0 354.0
354.0 355.967
354.0 354.342
354.0 355.674
354.0 355.978
354.0 354.0
354.0 354.702
354.0 354.0
354.0 354.0
354.0 354.0
354.0 356.0
354.0 356.132
354.0 355.204
354.0 354.0
354.0 354.0
354.0 354.0
354.0 354.0
354.0 354.0
354.0 354.0
354.0 354.0
354.0 354.0
354.0 354.0
354.0 354.0
354.0 354.0
354.0 355.832
354.0 355.365
354.0 354.0
354.0 354.0
354.0 354.0
354.0 354.0
354.0 354.0
354.0 354.0
354.0 354.0
354.0 354.0
354.0 354.0
354.0 354.0
354.0 354.0
354.0 354.0
354.0 354.0
354.0 354.0
354.0 354.0
354.0 354.841
354.0 354.0
354.0 354.0
354.0 354.0
354.0 354.0
354.0 354.0
354.0 354.624
354.0 354.312
354.0 354.312
354.0 354.0
354.0 354.0
354.0 354.0
354.0 354.0
354.0 354.964
354.0 355.043
354.0 357.318
354.0 354.739
354.0 355.67
354.0 354.943
354.0 354.0
354.0 354.0
354.0 355.756
354.0 354.0
354.0 354.0
354.0 354.0
354.0 354.485
354.0 354.0
354.0 355.691
354.0 354.0
354.0 354.0
354.0 354.0
354.0 354.0
354.0 354.0
354.0 358.29
354.0 354.0
354.0 354.0
354.0 354.0
354.0 354.0
354.0 354.716
354.0 354.0
354.0 354.688
354.0 354.0
354.0 354.0
354.0 354.0
354.0 354.889
354.0 354.0
354.0 354.0
354.0 354.0
354.0 354.0
354.0 354.0
354.0 354.114
354.0 354.114
354.0 354.978
354.0 354.663
354.0 354.0
354.0 354.404
354.0 354.404
354.0 354.0
354.0 354.0
354.0 354.0
354.0 354.0
354.0 354.0
354.0 354.0
354.0 354.0
354.0 354.935
354.0 354.72
354.0 354.0
354.0 354.327
354.0 354.219
354.0 354.0
354.0 354.572
354.0 354.558
354.0 355.545
354.0 354.0
354.0 354.0
354.0 354.0
354.0 354.0
354.0 354.0
354.0 354.0
354.0 354.903
354.0 355.46
354.0 354.0
354.0 354.0
354.0 355.999
354.0 354.424
354.0 354.819
354.0 354.0
354.0 354.0
354.0 354.0
354.0 354.0
354.0 354.0
354.0 354.741
354.0 355.784
354.0 354.0
354.0 354.0
354.0 354.0
354.0 354.0
354.0 356.651
354.0 354.0
354.0 354.0
354.0 354.0
354.0 354.0
354.0 354.0
354.0 354.0
354.0 354.0
354.0 354.0
354.0 355.53
354.0 354.0
354.0 354.418
354.0 354.0
354.0 354.0
354.0 354.0
354.0 354.0
354.0 354.0
354.0 354.0
354.0 354.0
354.0 354.0
354.0 354.0
354.0 354.0
354.0 354.0
354.0 354.0
354.0 356.964
354.0 355.573
354.0 354.0
354.0 354.0
354.0 354.0
354.0 354.0
354.0 354.0
354.0 354.0
354.0 354.0
354.0 354.424
354.0 354.0
354.0 354.734
354.0 354.0
354.0 354.0
354.0 354.0
354.0 354.0
354.0 355.523
354.0 354.0
354.0 354.0
354.0 354.0
354.0 354.0
354.0 355.19
354.0 354.299
354.0 355.336
354.0 354.0
354.0 355.602
354.0 355.899
354.0 354.0
354.0 354.0
354.0 354.852
354.0 354.852
354.0 355.704
354.0 354.183
354.0 354.0
354.0 354.0
354.0 354.0
354.0 354.871
354.0 354.924
354.0 354.0
354.0 354.0
354.0 354.0
354.0 354.0
354.0 354.0
354.0 354.0
354.0 354.0
354.0 354.0
354.0 355.185
354.0 354.0
354.0 354.422
354.0 357.166
354.0 354.919
354.0 355.369
354.0 355.744
354.0 355.125
354.0 354.375
354.0 354.958
354.0 354.0
354.0 354.0
354.0 354.0
354.0 354.845
354.0 355.018
354.0 354.0
354.0 354.0
354.0 354.0
354.0 354.494
354.0 354.0
354.0 354.0
354.0 354.0
354.0 354.479
354.0 354.0
354.0 354.0
354.0 354.0
354.0 354.0
354.0 354.552
354.0 354.0
354.0 354.0
354.0 354.0
354.0 354.0
354.0 355.188
354.0 354.0
354.0 354.0
354.0 354.0
354.0 354.837
354.0 354.0
354.0 355.161
354.0 354.0
354.0 354.0
354.0 354.0
354.0 354.0
354.0 354.0
354.0 354.0
354.0 354.0
354.0 354.265
354.0 354.0
354.0 354.85
354.0 354.0
354.0 356.223
354.0 356.844
354.0 354.0
354.0 354.0
354.0 354.545
354.0 356.358
354.0 354.0
354.0 354.0
354.0 354.0
354.0 354.635
354.0 354.965
354.0 354.0
354.0 354.0
354.0 354.0
354.0 354.0
354.0 354.761
354.0 354.0
354.0 354.0
354.0 356.08
354.0 355.164
354.0 355.164
354.0 354.0
354.0 356.0
354.0 354.0
354.0 354.0
354.0 354.0
354.0 355.188
354.0 354.0
354.0 356.907
354.0 354.0
354.0 354.65
354.0 354.0
354.0 354.866
354.0 354.866
354.0 354.0
354.0 354.0
354.0 356.177
354.0 354.0
354.0 354.805
354.0 355.61
354.0 354.0
354.0 354.0
354.0 354.608
354.0 355.216
354.0 354.0
354.0 354.74
354.0 354.0
354.0 354.0
354.0 354.0
354.0 354.663
354.0 354.897
354.0 354.0
354.0 354.325
354.0 354.98
354.0 356.125
354.0 355.303
354.0 354.49
354.0 354.0
354.0 354.0
354.0 354.0
354.0 354.959
354.0 354.69
354.0 354.0
354.0 354.0
354.0 354.0
354.0 354.0
354.0 354.986
354.0 354.0
354.0 354.0
354.0 354.0
354.0 354.0
354.0 354.0
354.0 354.0
354.0 354.972
354.0 354.0
354.0 354.0
354.0 354.0
354.0 354.0
354.0 354.0
354.0 354.0
354.0 354.0
354.0 354.0
354.0 355.039
354.0 356.407
354.0 355.631
354.0 354.0
354.0 354.0
354.0 356.69
354.0 354.596
354.0 355.209
354.0 355.407
354.0 354.0
354.0 354.562
354.0 354.0
354.0 354.0
354.0 354.0
354.0 354.0
354.0 354.758
354.0 354.0
354.0 354.0
354.0 355.123
354.0 354.688
354.0 355.009
354.0 354.522
354.0 354.698
354.0 354.0
354.0 354.0
354.0 354.0
354.0 354.0
354.0 355.069
354.0 354.0
354.0 354.0
354.0 354.0
354.0 354.0
354.0 354.0
354.0 355.64
354.0 354.0
354.0 354.0
354.0 354.0
354.0 354.0
354.0 354.0
354.0 354.0
354.0 354.527
354.0 356.042
354.0 355.882
354.0 354.0
354.0 354.0
354.0 354.692
354.0 354.0
354.0 355.543
354.0 354.0
354.0 354.0
354.0 354.0
354.0 354.0
354.0 354.694
354.0 354.0
354.0 354.0
354.0 354.0
354.0 354.0
354.0 354.945
354.0 354.0
354.0 354.0
354.0 354.0
354.0 358.836
354.0 354.0
354.0 355.533
354.0 354.0
354.0 354.0
354.0 354.0
354.0 354.0
354.0 354.0
354.0 354.0
354.0 354.0
354.0 355.189
354.0 354.0
354.0 354.0
354.0 354.0
354.0 356.222
354.0 354.846
354.0 355.692
354.0 354.846
354.0 354.0
354.0 354.0
354.0 354.653
354.0 354.0
354.0 355.392
354.0 354.696
354.0 354.0
354.0 355.004
354.0 354.674
354.0 354.674
354.0 355.761
354.0 356.345
354.0 354.0
354.0 354.0
354.0 354.0
354.0 354.0
354.0 354.726
354.0 354.541
354.0 355.542
354.0 354.0
354.0 356.024
354.0 355.832
354.0 356.094
354.0 356.342
354.0 354.301
354.0 354.301
354.0 356.086
354.0 354.0
354.0 354.0
354.0 354.538
354.0 354.0
354.0 354.0
354.0 354.0
354.0 354.113
354.0 354.0
354.0 354.0
354.0 354.0
354.0 354.0
354.0 355.621
354.0 355.621
354.0 354.0
354.0 354.0
354.0 354.0
354.0 354.0
354.0 354.0
354.0 354.0
354.0 354.0
354.0 355.822
354.0 356.155
354.0 354.0
354.0 354.0
354.0 355.224
354.0 354.0
354.0 354.0
354.0 354.0
354.0 354.0
354.0 354.0
354.0 356.069
354.0 354.0
354.0 354.0
354.0 354.0
354.0 356.316
354.0 354.416
354.0 354.208
354.0 355.303
354.0 354.0
354.0 354.0
354.0 354.0
354.0 354.0
354.0 354.0
354.0 354.308
354.0 355.375
354.0 354.0
354.0 354.838
354.0 354.0
354.0 354.0
354.0 354.0
354.0 354.0
354.0 355.378
354.0 354.0
354.0 355.57
354.0 354.0
354.0 354.0
354.0 355.823
354.0 354.0
354.0 354.0
354.0 356.822
354.0 356.497
354.0 354.414
354.0 354.872
354.0 355.768
354.0 354.0
354.0 354.425
336.0 356.328
336.0 355.32
336.0 353.964
336.0 353.982
336.0 353.964
336.0 353.874
336.0 354.872
336.0 354.822
354.0 354.0
354.0 354.0
354.0 358.292
354.0 354.0
354.0 354.0
354.0 354.0
354.0 354.0
354.0 354.0
354.0 354.0
354.0 354.0
354.0 354.0
354.0 355.823
354.0 354.0
354.0 354.0
354.0 355.542
354.0 354.0
354.0 354.0
354.0 354.0
354.0 354.0
354.0 354.0
354.0 354.0
354.0 354.0
354.0 355.82
354.0 354.0
354.0 354.0
354.0 354.0
354.0 354.924
354.0 354.41
354.0 354.0
354.0 354.0
354.0 354.339
336.0 353.982
336.0 354.879
336.0 355.07
336.0 353.838
336.0 355.259
336.0 355.172
336.0 355.159
336.0 356.016
336.0 353.874
336.0 353.838
336.0 353.802
336.0 354.402
336.0 353.532
336.0 353.496
336.0 353.586
336.0 353.19
336.0 353.136
336.0 352.92
336.0 353.555
336.0 352.947
336.0 352.344
336.0 355.771
336.0 352.769
336.0 352.038
336.0 351.948
336.0 351.768
336.0 351.9
336.0 351.894
336.0 351.552
336.0 351.12
336.0 352.572
336.0 350.742
336.0 350.418
336.0 350.076
336.0 350.787
336.0 351.524
336.0 349.104
336.0 348.672
336.0 347.682
336.0 347.016
336.0 346.8
336.0 347.671
336.0 345.702
336.0 344.892
336.0 344.316
336.0 343.488
336.0 342.552
336.0 343.222
336.0 342.5
336.0 341.526
336.0 342.508
336.0 342.166
336.0 340.858
336.0 339.888
336.0 340.122
336.0 342.486
336.0 339.33
336.0 341.074
336.0 338.52
336.0 338.502
336.0 338.016
336.0 338.124
336.0 339.934
336.0 337.674
336.0 337.512
336.0 337.386
336.0 337.134
336.0 337.188
336.0 336.846
336.0 336.594
336.0 336.486
336.0 338.405
336.0 338.335
336.0 337.06
336.0 336.234
336.0 338.688
336.0 336.054
336.0 336.072
336.0 336.018
336.0 336.018
336.0 336.036
336.0 336.0
336.0 336.393
336.0 336.0
336.0 338.708
336.0 336.0
336.0 336.0
336.0 337.325
336.0 336.0
336.0 336.0
336.0 336.0
336.0 336.0
336.0 336.0
336.0 336.974
336.0 336.0
336.0 336.264
336.0 336.264
336.0 338.076
336.0 338.894
336.0 337.522
336.0 336.0
336.0 337.924
336.0 336.827
336.0 337.006
336.0 336.0
336.0 336.0
336.0 336.861
336.0 336.0
336.0 336.582
336.0 336.582
336.0 337.785
336.0 336.0
336.0 336.0
336.0 338.034
336.0 337.138
336.0 336.0
336.0 336.0
336.0 337.14
336.0 336.0
336.0 336.0
336.0 336.0
336.0 336.0
336.0 338.7
336.0 336.0
336.0 336.0
336.0 336.0
336.0 336.0
336.0 336.528
336.0 336.0
336.0 336.0
336.0 336.0
336.0 336.406
336.0 336.308
336.0 337.019
336.0 336.856
336.0 336.0
336.0 337.819
336.0 336.468
336.0 336.894
336.0 337.414
336.0 336.0
336.0 336.0
336.0 337.829
336.0 336.0
336.0 337.885
336.0 336.0
336.0 336.0
336.0 336.0
336.0 336.815
336.0 336.0
336.0 338.484
336.0 338.133
336.0 336.0
336.0 336.263
336.0 337.079
336.0 336.0
336.0 336.0
336.0 336.0
336.0 336.0
336.0 336.0
336.0 336.0
336.0 336.0
336.0 337.651
336.0 336.0
336.0 336.673
336.0 336.0
336.0 336.0
336.0 336.757
336.0 336.0
336.0 336.0
336.0 337.048
336.0 336.0
336.0 336.905
336.0 336.0
336.0 337.085
336.0 336.461
336.0 336.0
336.0 336.0
336.0 336.0
336.0 336.0
336.0 336.0
336.0 336.0
336.0 336.0
336.0 336.0
336.0 336.0
336.0 336.452
336.0 336.0
336.0 336.0
336.0 336.0
336.0 336.476
336.0 336.0
336.0 336.0
336.0 336.0
336.0 336.3
336.0 336.576
336.0 336.0
336.0 336.442
336.0 336.0
336.0 336.504
336.0 336.0
336.0 338.066
336.0 336.0
336.0 336.0
336.0 337.496
336.0 337.266
336.0 336.0
336.0 337.679
336.0 337.642
336.0 336.893
336.0 336.0
336.0 337.92
336.0 336.0
336.0 337.345
336.0 337.373
336.0 337.482
336.0 337.748
336.0 336.775
336.0 336.0
336.0 336.0
336.0 337.177
336.0 336.0
336.0 337.32
336.0 336.0
336.0 336.0
336.0 336.0
336.0 336.0
336.0 336.0
336.0 337.164
336.0 336.0
336.0 338.387
336.0 337.136
336.0 336.79
336.0 339.286
336.0 336.767
336.0 336.0
336.0 336.0
336.0 337.227
336.0 336.0
336.0 336.0
336.0 336.0
336.0 336.0
336.0 336.0
336.0 336.0
336.0 336.601
336.0 336.0
336.0 336.0
336.0 338.446
336.0 337.351
336.0 337.576
336.0 336.0
336.0 336.0
336.0 336.0
336.0 336.0
336.0 337.042
336.0 336.0
336.0 336.0
336.0 336.0
336.0 337.302
336.0 336.0
336.0 336.0
336.0 337.67
336.0 338.527
336.0 337.486
336.0 336.942
336.0 336.095
336.0 336.19
336.0 336.38
336.0 336.285
336.0 336.095
336.0 336.0
336.0 336.0
336.0 336.796
336.0 336.0
336.0 336.76
336.0 336.401
336.0 336.0
336.0 336.0
336.0 336.376
336.0 336.335
336.0 336.0
336.0 336.0
336.0 336.0
336.0 336.798
336.0 336.798
336.0 337.065
336.0 337.671
336.0 336.0
336.0 336.0
336.0 337.214
336.0 337.333
336.0 337.018
336.0 336.0
336.0 336.0
336.0 336.0
336.0 336.0
336.0 336.0
336.0 336.0
336.0 336.0
336.0 336.0
336.0 339.101
336.0 336.0
336.0 336.0
336.0 336.0
336.0 336.0
336.0 336.0
336.0 336.0
336.0 336.0
336.0 336.0
336.0 336.0
336.0 336.0
336.0 337.524
336.0 336.0
336.0 336.826
336.0 336.568
336.0 336.975
336.0 336.0
336.0 336.0
336.0 336.0
336.0 336.0
336.0 336.0
336.0 336.0
336.0 336.0
336.0 336.0
336.0 337.512
336.0 336.0
336.0 336.0
336.0 336.0
336.0 338.839
336.0 336.0
336.0 337.567
336.0 336.0
336.0 336.0
336.0 336.0
336.0 336.0
336.0 336.0
336.0 336.0
336.0 336.0
336.0 336.0
336.0 336.0
336.0 336.0
336.0 336.0
336.0 337.808
336.0 337.56
336.0 336.0
336.0 336.539
336.0 336.0
336.0 336.0
336.0 336.0
336.0 336.0
336.0 336.0
336.0 336.0
336.0 336.0
336.0 336.922
336.0 336.753
336.0 337.917
336.0 339.754
336.0 338.429
336.0 336.0
336.0 338.003
336.0 336.0
336.0 338.049
336.0 338.095
336.0 338.69
336.0 336.634
336.0 336.0
336.0 337.061
336.0 336.0
336.0 337.832
336.0 336.347
336.0 336.0
336.0 336.0
336.0 336.0
336.0 336.0
336.0 336.0
336.0 336.0
336.0 336.0
336.0 336.0
336.0 336.0
336.0 336.0
336.0 336.0
336.0 336.0
336.0 337.779
336.0 336.0
336.0 337.046
336.0 336.0
336.0 336.0
336.0 336.0
336.0 336.0
336.0 336.0
336.0 336.0
336.0 337.157
336.0 336.0
336.0 336.0
336.0 336.0
336.0 336.0
336.0 336.0
336.0 336.0
336.0 336.69
336.0 336.69
336.0 336.922
336.0 336.0
336.0 336.0
336.0 336.0
336.0 336.0
336.0 336.679
336.0 336.0
336.0 336.0
336.0 338.56
336.0 338.405
336.0 336.0
336.0 336.0
336.0 337.068
336.0 336.13
336.0 336.26
336.0 336.0
336.0 336.0
336.0 338.221
336.0 339.786
336.0 336.0
336.0 337.079
336.0 336.0
336.0 336.0
336.0 336.0
336.0 336.698
336.0 338.637
336.0 337.84
336.0 336.0
336.0 336.786
336.0 337.866
336.0 337.679
336.0 336.0
336.0 337.522
336.0 336.0
336.0 336.0
336.0 337.125
336.0 336.0
336.0 339.0
336.0 337.5
336.0 337.486
336.0 336.0
336.0 337.732
336.0 336.284
336.0 337.241
336.0 336.0
336.0 336.24
336.0 336.433
336.0 336.0
336.0 336.43
336.0 336.0
336.0 336.0
336.0 336.0
336.0 336.0
336.0 336.0
336.0 336.0
336.0 336.0
336.0 336.0
336.0 336.0
336.0 336.177
336.0 336.0
336.0 336.0
336.0 336.0
336.0 336.631
336.0 336.0
336.0 336.0
336.0 336.0
336.0 336.0
336.0 337.141
336.0 336.0
336.0 336.448
336.0 336.0
336.0 336.133
336.0 336.638
336.0 336.0
336.0 337.626
336.0 336.0
336.0 336.0
336.0 337.244
336.0 336.0
336.0 336.0
336.0 336.787
336.0 336.0
336.0 336.0
336.0 336.0
336.0 336.0
336.0 336.845
336.0 336.0
336.0 336.0
336.0 337.196
336.0 336.0
336.0 340.02
336.0 337.706
336.0 336.539
336.0 336.0
336.0 336.981
336.0 336.0
336.0 336.0
336.0 336.576
336.0 337.604
336.0 336.0
336.0 336.0
336.0 336.0
336.0 336.0
336.0 336.506
336.0 336.0
336.0 336.0
336.0 336.0
336.0 336.0
336.0 336.0
336.0 337.175
336.0 336.0
336.0 336.853
336.0 336.0
336.0 336.0
336.0 336.0
336.0 336.0
336.0 336.0
336.0 336.0
336.0 336.45
336.0 336.0
336.0 336.0
336.0 336.0
336.0 336.0
336.0 336.0
336.0 336.0
336.0 338.487
336.0 336.0
336.0 336.689
336.0 336.0
336.0 336.0
336.0 336.0
336.0 336.0
336.0 339.951
336.0 336.0
336.0 336.0
336.0 336.309
336.0 336.618
336.0 336.0
336.0 336.903
336.0 336.0
336.0 336.0
336.0 336.0
336.0 336.0
336.0 336.0
336.0 336.955
336.0 336.0
336.0 337.029
336.0 336.0
336.0 336.636
336.0 336.0
336.0 339.127
336.0 336.944
336.0 338.202
336.0 339.712
336.0 336.0
336.0 337.483
336.0 336.0
336.0 336.696
336.0 336.696
336.0 336.696
336.0 336.0
336.0 338.629
336.0 336.0
336.0 336.786
336.0 337.112
336.0 336.0
336.0 336.0
336.0 338.203
336.0 336.0
336.0 336.0
336.0 336.0
336.0 336.864
336.0 337.272
336.0 336.0
336.0 336.0
336.0 337.821
336.0 336.0
336.0 339.331
336.0 336.0
336.0 336.0
336.0 336.0
336.0 337.572
336.0 338.555
336.0 336.0
336.0 336.0
336.0 337.991
336.0 336.0
336.0 336.0
336.0 337.145
336.0 336.0
336.0 336.0
336.0 336.0
336.0 336.915
336.0 336.857
336.0 336.0
336.0 336.0
336.0 336.0
336.0 336.0
336.0 336.981
336.0 336.0
336.0 337.066
336.0 336.785
336.0 336.0
336.0 336.0
336.0 336.39
336.0 337.522
336.0 336.516
336.0 339.442
336.0 339.251
336.0 336.0
336.0 336.0
336.0 337.743
336.0 336.0
336.0 336.0
336.0 336.633
336.0 336.0
336.0 337.255
336.0 337.153
336.0 338.399
336.0 336.0
336.0 336.0
336.0 336.0
336.0 336.0
336.0 336.0
336.0 338.21
336.0 336.0
336.0 336.0
336.0 339.161
336.0 336.0
336.0 336.0
336.0 336.0
336.0 336.0
336.0 337.223
336.0 336.0
336.0 336.0
336.0 336.0
336.0 336.0
336.0 337.949
336.0 336.829
336.0 336.0
336.0 337.225
336.0 336.0
336.0 336.0
336.0 336.0
336.0 336.0
336.0 336.0
336.0 336.998
336.0 339.853
336.0 336.408
336.0 336.0
336.0 336.0
336.0 336.0
336.0 342.378
336.0 338.647
336.0 337.972
336.0 336.592
336.0 336.0
336.0 336.837
336.0 336.576
336.0 336.0
336.0 336.0
336.0 336.0
336.0 336.0
336.0 336.0
336.0 338.671
336.0 336.416
336.0 336.0
