4210.0 11561.14
3915.0 9404.68
3915.0 8321.06
3915.0 6850.46
3910.0 5365.14
3910.0 4585.04
3814.0 4752.74
3814.0 4653.38
3814.0 4429.28
3814.0 4119.88
3814.0 4037.76
2260.0 3862.5
2168.0 3737.24
1949.0 3544.16
1949.0 3419.9
1626.0 3303.28
1616.0 2823.02
1616.0 2472.72
1718.0 2333.68
1752.0 2204.86
1752.0 2124.02
1592.0 2054.82
1592.0 2006.64
1374.0 1933.88
1374.0 1811.74
1374.0 1835.08
1374.0 1816.5
1374.0 1739.16
1374.0 1715.88
1374.0 1639.58
1374.0 1690.52
1374.0 1677.9
1592.0 1616.62
1592.0 1602.34
1592.0 1592.0
1592.0 1592.0
1592.0 1592.0
1592.0 1592.0
1592.0 1643.1
1592.0 1617.16
1592.0 1615.16
1592.0 1592.0
1592.0 1640.24
1592.0 1725.66
1592.0 1680.36
1592.0 1592.0
1592.0 1630.82
1592.0 1647.86
1592.0 1592.0
1592.0 1688.2
