0.013720308430492878 0.004645641056898361
0.013720308430492878 0.008785022038500756
0.013720308430492878 0.012414457435564448
0.013720308430492878 0.013113040865088502
0.017383048310875893 0.01340074975353976
0.017383048310875893 0.013403245403120915
0.014256877824664116 0.013271583678821723
0.015024113468825817 0.013425180052096645
0.016856592148542404 0.013585881392161051
0.02815263904631138 0.01371311085919539
0.029469909146428108 0.014848689191664259
0.03402210399508476 0.01720235371030867
0.03451018035411835 0.02315496187657118
0.03451018035411835 0.027874006858716407
0.054987113922834396 0.030385185840229194
0.054987113922834396 0.03339547698075573
0.05819937214255333 0.039417941899349294
0.05819937214255333 0.048883889832844335
0.0641118511557579 0.05182806293790539
0.0641118511557579 0.05202652594695489
0.07404641062021255 0.05450053233653307
0.07404641062021255 0.05550528972720106
0.10404390096664429 0.056602864215771355
0.10404390096664429 0.06805298218193154
0.10404390096664429 0.07888813217480978
0.10404390096664429 0.08529754700139165
0.18419328331947327 0.09998820014297963
0.18419328331947327 0.10724708711107572
0.18419328331947327 0.10956882722675801
0.18419328331947327 0.11177616690595944
0.18419328331947327 0.13157022508482139
0.18419328331947327 0.16076198468605676
0.18419328331947327 0.17278439203898113
0.18419328331947327 0.17581719160079956
0.18419328331947327 0.17764088877787193
0.18419328331947327 0.1819030525162816
0.2534463405609131 0.18210483935351174
0.2534463405609131 0.18534750094016392
0.2534463405609131 0.18534716771294674
0.2534463405609131 0.17993873860687018
0.2534463405609131 0.19248912079880634
0.275760680437088 0.19693708938236038
0.275760680437088 0.2165991427997748
0.275760680437088 0.23193088347713153
0.275760680437088 0.24853503629565238
0.275760680437088 0.2500078797340393
0.275760680437088 0.261749883616964
0.275760680437088 0.2656655376156171
0.275760680437088 0.2603363299742341
0.275760680437088 0.2653299945096175
0.275760680437088 0.26277670487761495
0.275760680437088 0.2680455250044664
0.275760680437088 0.26426338230570157
0.275760680437088 0.27449316332737606
0.275760680437088 0.27449316332737606
0.275760680437088 0.275760680437088
0.275760680437088 0.275760680437088
0.275760680437088 0.2734827515979608
0.275760680437088 0.275760680437088
0.275760680437088 0.275760680437088
0.275760680437088 0.275760680437088
0.275760680437088 0.275760680437088
0.275760680437088 0.275760680437088
0.275760680437088 0.27157979067415
0.275760680437088 0.2654076175143321
0.275760680437088 0.27458853473265965
0.275760680437088 0.275760680437088
0.275760680437088 0.2735296639303366
0.275760680437088 0.275760680437088
0.275760680437088 0.275760680437088
0.275760680437088 0.275760680437088
0.275760680437088 0.275760680437088
0.275760680437088 0.275760680437088
0.275760680437088 0.275760680437088
0.275760680437088 0.27195374897370733
0.275760680437088 0.275760680437088
0.275760680437088 0.26804613253722587
0.275760680437088 0.275760680437088
0.275760680437088 0.275760680437088
0.275760680437088 0.275760680437088
0.275760680437088 0.275760680437088
0.275760680437088 0.2723282748212417
0.275760680437088 0.275760680437088
0.275760680437088 0.275760680437088
0.275760680437088 0.275760680437088
0.275760680437088 0.271881113635997
0.275760680437088 0.27197359955559175
0.275760680437088 0.2722006191809972
0.275760680437088 0.2735662097732226
0.275760680437088 0.2697331997876366
0.275760680437088 0.275760680437088
0.275760680437088 0.2720769388601184
0.275760680437088 0.27178509819010893
0.275760680437088 0.275760680437088
0.275760680437088 0.275760680437088
0.275760680437088 0.275760680437088
0.275760680437088 0.275760680437088
0.275760680437088 0.2719058013210694
0.275760680437088 0.26975663055976234
0.275760680437088 0.2673234378298124
0.275760680437088 0.27264377002914747
0.275760680437088 0.27191154633959136
0.275760680437088 0.273976045101881
0.275760680437088 0.2688829207792878
0.275760680437088 0.264569741114974
0.275760680437088 0.2720345675945282
0.275760680437088 0.275760680437088
0.275760680437088 0.275760680437088
0.275760680437088 0.275760680437088
0.275760680437088 0.2719183589021365
0.275760680437088 0.275760680437088
0.275760680437088 0.275760680437088
0.275760680437088 0.27282607220113275
0.275760680437088 0.275760680437088
0.275760680437088 0.275760680437088
0.275760680437088 0.27219555048892896
0.275760680437088 0.275760680437088
0.275760680437088 0.275760680437088
0.275760680437088 0.275760680437088
0.275760680437088 0.275760680437088
0.275760680437088 0.2685273845990499
0.275760680437088 0.275760680437088
0.275760680437088 0.275760680437088
0.275760680437088 0.275760680437088
0.275760680437088 0.275760680437088
0.275760680437088 0.272023425064981
0.275760680437088 0.275760680437088
0.275760680437088 0.275760680437088
0.275760680437088 0.2690358168135087
0.275760680437088 0.26468069180846215
0.275760680437088 0.26571202762424945
0.275760680437088 0.275760680437088
0.275760680437088 0.275760680437088
0.275760680437088 0.2688033824786544
0.275760680437088 0.2618541898826758
0.275760680437088 0.275760680437088
0.275760680437088 0.27235722554226716
0.275760680437088 0.2739241691927115
0.275760680437088 0.2718344713250796
0.275760680437088 0.275760680437088
0.275760680437088 0.26831132310132183
0.275760680437088 0.27351288944482804
0.275760680437088 0.275760680437088
0.275760680437088 0.2714542982168496
0.275760680437088 0.275760680437088
0.275760680437088 0.275760680437088
0.275760680437088 0.275760680437088
0.275760680437088 0.275760680437088
0.275760680437088 0.275760680437088
0.275760680437088 0.275760680437088
0.275760680437088 0.275760680437088
0.275760680437088 0.2687221854614715
0.275760680437088 0.2624942859013875
0.275760680437088 0.2733202283581098
0.275760680437088 0.2694686671098073
0.275760680437088 0.27384340738256774
0.275760680437088 0.275760680437088
0.275760680437088 0.2648801120308538
0.275760680437088 0.275760680437088
0.275760680437088 0.2715260861441493
0.275760680437088 0.27008733749389646
0.275760680437088 0.275760680437088
0.275760680437088 0.27171423273781936
0.275760680437088 0.275760680437088
0.275760680437088 0.275760680437088
0.275760680437088 0.272039326839149
0.275760680437088 0.275760680437088
0.275760680437088 0.275760680437088
0.275760680437088 0.2727563075721264
0.275760680437088 0.275760680437088
0.275760680437088 0.275760680437088
0.275760680437088 0.275760680437088
0.275760680437088 0.2720799573386709
0.275760680437088 0.273657339066267
0.275760680437088 0.27175897459189097
0.275760680437088 0.275760680437088
0.275760680437088 0.275760680437088
0.275760680437088 0.27195198672513166
0.275760680437088 0.27195198672513166
0.275760680437088 0.275760680437088
0.275760680437088 0.27244171996911365
0.275760680437088 0.275760680437088
0.275760680437088 0.2679847633466125
0.275760680437088 0.275760680437088
0.275760680437088 0.275760680437088
0.275760680437088 0.275760680437088
0.275760680437088 0.275760680437088
0.275760680437088 0.275760680437088
0.275760680437088 0.275760680437088
0.275760680437088 0.275760680437088
0.275760680437088 0.275760680437088
0.275760680437088 0.275760680437088
0.275760680437088 0.275760680437088
0.275760680437088 0.275760680437088
0.275760680437088 0.2721909507488211
0.275760680437088 0.275760680437088
0.275760680437088 0.275760680437088
0.275760680437088 0.275760680437088
0.275760680437088 0.2633750980099042
0.275760680437088 0.2716359698213637
0.275760680437088 0.2638761063106358
0.275760680437088 0.275760680437088
0.275760680437088 0.2650431652242939
0.275760680437088 0.27199023552238943
0.275760680437088 0.2714730174280703
0.275760680437088 0.275760680437088
0.275760680437088 0.275760680437088
0.275760680437088 0.2727533796181281
0.275760680437088 0.275760680437088
0.275760680437088 0.2730934501936038
0.275760680437088 0.2723990229268869
0.275760680437088 0.275760680437088
0.275760680437088 0.275760680437088
0.275760680437088 0.2715684716589749
0.275760680437088 0.275760680437088
0.275760680437088 0.275760680437088
0.275760680437088 0.27345792253812157
0.275760680437088 0.27187570159633956
0.275760680437088 0.2720785822098454
0.275760680437088 0.275760680437088
0.275760680437088 0.275760680437088
0.275760680437088 0.2677292464611431
0.275760680437088 0.275760680437088
0.275760680437088 0.275760680437088
0.275760680437088 0.2695371968671679
0.275760680437088 0.275760680437088
0.275760680437088 0.2721369032437603
0.275760680437088 0.27221192518870035
0.275760680437088 0.27239545844495294
0.275760680437088 0.275760680437088
0.275760680437088 0.275760680437088
0.275760680437088 0.26487832302227615
0.275760680437088 0.2719539603218436
0.275760680437088 0.2720643193771442
0.275760680437088 0.2644696632710596
0.275760680437088 0.275760680437088
0.275760680437088 0.275760680437088
0.275760680437088 0.2717302178343137
0.275760680437088 0.275760680437088
0.275760680437088 0.275760680437088
0.275760680437088 0.275760680437088
0.275760680437088 0.275760680437088
0.275760680437088 0.275760680437088
0.275760680437088 0.275760680437088
0.275760680437088 0.275760680437088
0.275760680437088 0.27262025587260724
0.275760680437088 0.26861820785949625
0.275760680437088 0.275760680437088
0.275760680437088 0.2649746316174666
0.275760680437088 0.269001561558495
0.275760680437088 0.275760680437088
0.275760680437088 0.275760680437088
0.275760680437088 0.275760680437088
0.275760680437088 0.27171410160760084
0.275760680437088 0.275760680437088
0.275760680437088 0.275760680437088
0.275760680437088 0.275760680437088
0.275760680437088 0.275760680437088
0.275760680437088 0.27332677965362867
0.275760680437088 0.2720678584650159
0.275760680437088 0.2677698403596878
0.275760680437088 0.27180521929015716
0.275760680437088 0.2724551214526097
0.275760680437088 0.26929578483104705
0.275760680437088 0.26647324363390607
0.275760680437088 0.266767351453503
0.275760680437088 0.2717587389672796
0.275760680437088 0.2717546301583449
0.275760680437088 0.275760680437088
0.275760680437088 0.275760680437088
0.275760680437088 0.275760680437088
0.275760680437088 0.275760680437088
0.275760680437088 0.2715339990953604
0.275760680437088 0.27160968125487367
0.275760680437088 0.272846208140254
0.275760680437088 0.275760680437088
0.275760680437088 0.275760680437088
0.275760680437088 0.275760680437088
0.275760680437088 0.275760680437088
0.275760680437088 0.2722239607324203
0.275760680437088 0.275760680437088
0.275760680437088 0.2722458759943644
0.275760680437088 0.2682913893212875
0.275760680437088 0.27336692785223327
0.275760680437088 0.27014027486244835
0.275760680437088 0.2729504776497682
0.275760680437088 0.275760680437088
0.275760680437088 0.275760680437088
0.275760680437088 0.275760680437088
0.275760680437088 0.2719238929450512
0.275760680437088 0.275760680437088
0.275760680437088 0.275760680437088
0.275760680437088 0.2714719260732333
0.275760680437088 0.275760680437088
0.275760680437088 0.275760680437088
0.275760680437088 0.275760680437088
0.275760680437088 0.26527980994433165
0.275760680437088 0.275760680437088
0.275760680437088 0.275760680437088
0.275760680437088 0.275760680437088
0.275760680437088 0.2713743985320131
0.275760680437088 0.26383851493398347
0.275760680437088 0.275760680437088
0.275760680437088 0.275760680437088
0.275760680437088 0.275760680437088
0.275760680437088 0.275760680437088
0.275760680437088 0.275760680437088
0.275760680437088 0.2694995544850826
0.275760680437088 0.275760680437088
0.275760680437088 0.275760680437088
0.275760680437088 0.2667490857342879
0.275760680437088 0.275760680437088
0.275760680437088 0.27156966282054784
0.275760680437088 0.2724177877108256
0.275760680437088 0.27215991461028655
0.275760680437088 0.275760680437088
0.275760680437088 0.275760680437088
0.275760680437088 0.27176633787651855
0.275760680437088 0.2695102718969186
0.275760680437088 0.275760680437088
0.275760680437088 0.2687958913544814
0.275760680437088 0.275760680437088
0.275760680437088 0.275760680437088
0.275760680437088 0.275760680437088
0.275760680437088 0.2699514259273807
0.275760680437088 0.267744322369496
0.275760680437088 0.26373302831004064
0.275760680437088 0.26772332694381473
0.275760680437088 0.27230378401776156
0.275760680437088 0.275760680437088
0.275760680437088 0.27181968769679465
0.275760680437088 0.27335210641225177
0.275760680437088 0.266632995257775
0.275760680437088 0.26957779365281265
0.275760680437088 0.27044566720724106
0.275760680437088 0.275760680437088
0.275760680437088 0.275760680437088
0.275760680437088 0.275760680437088
0.275760680437088 0.275760680437088
0.275760680437088 0.275760680437088
0.275760680437088 0.26826302480573455
0.275760680437088 0.27179243993014096
0.275760680437088 0.275760680437088
0.40094488859176636 0.27784708390633267
0.275760680437088 0.275760680437088
0.275760680437088 0.2649482818009953
0.275760680437088 0.275760680437088
0.275760680437088 0.275760680437088
0.275760680437088 0.26940873886148137
0.275760680437088 0.2740610860288143
0.275760680437088 0.275760680437088
0.275760680437088 0.275760680437088
0.275760680437088 0.2728960122913122
0.275760680437088 0.2728960122913122
0.275760680437088 0.275760680437088
0.275760680437088 0.275760680437088
0.275760680437088 0.275760680437088
0.275760680437088 0.2715313301732143
0.275760680437088 0.2698205421368281
0.275760680437088 0.2721115975330273
0.275760680437088 0.275760680437088
0.275760680437088 0.275760680437088
0.275760680437088 0.275760680437088
0.275760680437088 0.275760680437088
0.275760680437088 0.27345076873898505
0.275760680437088 0.275760680437088
0.275760680437088 0.2617094310000539
0.275760680437088 0.2721425235892336
0.275760680437088 0.2720586269473036
0.275760680437088 0.2720586269473036
0.275760680437088 0.275760680437088
0.275760680437088 0.272725955148538
0.275760680437088 0.275760680437088
0.275760680437088 0.26960778633753457
0.275760680437088 0.26539939728875955
0.275760680437088 0.26937847677618265
0.275760680437088 0.2746996705730756
0.275760680437088 0.27201953511685134
0.275760680437088 0.275760680437088
0.275760680437088 0.275760680437088
0.275760680437088 0.2719762116049727
0.275760680437088 0.275760680437088
0.275760680437088 0.2723909224073092
0.275760680437088 0.275760680437088
0.275760680437088 0.26788599031666915
0.275760680437088 0.275760680437088
0.275760680437088 0.275760680437088
0.275760680437088 0.275760680437088
0.275760680437088 0.275760680437088
0.275760680437088 0.275760680437088
0.275760680437088 0.2721309866756201
0.275760680437088 0.275760680437088
0.275760680437088 0.275760680437088
0.275760680437088 0.2716148242354393
0.275760680437088 0.2714272821942965
0.275760680437088 0.2716709754119317
0.275760680437088 0.26745419738193354
0.275760680437088 0.275760680437088
0.275760680437088 0.2729882004360358
0.275760680437088 0.275760680437088
0.275760680437088 0.27178937500963607
0.275760680437088 0.275760680437088
0.275760680437088 0.275760680437088
0.275760680437088 0.275760680437088
0.275760680437088 0.27015336193144324
0.275760680437088 0.275760680437088
0.275760680437088 0.275760680437088
0.275760680437088 0.2720786093423764
0.275760680437088 0.275760680437088
0.275760680437088 0.275760680437088
0.275760680437088 0.275760680437088
0.275760680437088 0.275760680437088
0.275760680437088 0.2727798199901978
0.275760680437088 0.275760680437088
0.275760680437088 0.27294681246081987
0.275760680437088 0.275760680437088
0.275760680437088 0.27226597455640633
0.275760680437088 0.275760680437088
0.275760680437088 0.27242066686352095
0.275760680437088 0.275760680437088
0.275760680437088 0.275760680437088
0.275760680437088 0.275760680437088
0.275760680437088 0.275760680437088
0.275760680437088 0.2723608153561751
0.275760680437088 0.275760680437088
0.275760680437088 0.27151066161071263
0.275760680437088 0.275760680437088
0.275760680437088 0.275760680437088
0.275760680437088 0.2725363035996755
0.275760680437088 0.275760680437088
0.275760680437088 0.271710594308873
0.275760680437088 0.2691056420405706
0.275760680437088 0.275760680437088
0.275760680437088 0.275760680437088
0.275760680437088 0.2676404976285994
0.275760680437088 0.275760680437088
0.275760680437088 0.275760680437088
0.275760680437088 0.26867286693304776
0.275760680437088 0.2727091606706381
0.275760680437088 0.275760680437088
0.275760680437088 0.26550321870793897
0.275760680437088 0.275760680437088
0.275760680437088 0.2714386333090564
0.275760680437088 0.27190545480698347
0.275760680437088 0.275760680437088
0.275760680437088 0.27341557790835697
0.275760680437088 0.27341557790835697
0.275760680437088 0.275760680437088
0.275760680437088 0.275760680437088
0.275760680437088 0.27255176939070225
