5888.0 10229.566666666668
4168.0 10088.683333333332
7373.0 9117.816666666668
3827.0 8289.566666666668
4162.0 6978.366666666667
3827.0 6369.766666666666
3827.0 5975.183333333333
3948.0 5576.55
3948.0 5083.616666666667
3948.0 4668.383333333333
4166.0 4352.433333333333
2138.0 4028.3
2440.0 4021.883333333333
2440.0 3395.9666666666667
1859.0 3064.3333333333335
1669.0 2657.4333333333334
1669.0 2740.233333333333
2138.0 2821.116666666667
1538.0 2946.866666666667
1538.0 2592.516666666667
2138.0 2468.55
2138.0 2632.633333333333
2138.0 2498.883333333333
1641.0 2463.85
2460.0 2417.383333333333
2095.0 2461.8
2095.0 2440.95
2095.0 2467.65
2095.0 2399.5
1617.0 2406.0
2117.0 2535.9666666666667
2095.0 2578.7833333333333
2095.0 2487.25
2095.0 2387.3333333333335
2095.0 2365.383333333333
2095.0 2284.75
2373.0 2312.5333333333333
2095.0 2306.766666666667
2095.0 2273.25
2095.0 2287.25
1658.0 2268.7833333333333
900.0 2122.7833333333333
1658.0 2123.5833333333335
1658.0 1722.55
811.0 1483.15
811.0 1449.9333333333334
811.0 1229.4833333333333
811.0 1140.8333333333333
811.0 1184.6
811.0 1283.5333333333333
811.0 1288.8666666666666
811.0 1397.6
900.0 1330.0166666666667
900.0 1368.8833333333334
900.0 1207.0833333333333
900.0 1242.9
900.0 1136.7333333333333
900.0 1035.5
900.0 1039.4666666666667
900.0 995.3333333333334
900.0 988.0166666666667
900.0 994.3166666666667
900.0 962.2
981.0 1023.0833333333334
900.0 900.0
1063.0 902.7166666666667
900.0 900.0
900.0 900.0
900.0 931.75
900.0 910.9
900.0 943.5166666666667
900.0 959.5666666666667
900.0 900.0
900.0 1026.9333333333334
900.0 954.25
900.0 975.3166666666667
900.0 964.4333333333333
900.0 917.95
900.0 955.0333333333333
900.0 935.9
900.0 900.0
900.0 920.85
900.0 969.4166666666666
755.0 969.05
755.0 908.2166666666667
755.0 965.65
755.0 892.9333333333333
755.0 915.3333333333334
755.0 925.9166666666666
755.0 918.5
755.0 865.5666666666667
755.0 873.4166666666666
755.0 856.5
755.0 875.8333333333334
755.0 905.5333333333333
755.0 892.75
755.0 887.9166666666666
755.0 899.0
755.0 887.9166666666666
900.0 952.0333333333333
900.0 900.0
900.0 900.0
900.0 900.0
900.0 999.5
900.0 996.15
900.0 900.0
900.0 956.0333333333333
900.0 943.5
900.0 975.5
900.0 920.2166666666667
900.0 979.15
900.0 913.35
900.0 1082.6166666666666
966.0 901.1
855.0 959.8333333333334
900.0 923.75
900.0 963.6833333333333
900.0 910.9
900.0 900.0
900.0 950.9666666666667
900.0 921.8833333333333
900.0 921.7333333333333
900.0 956.0166666666667
900.0 900.0
900.0 900.0
900.0 950.6333333333333
900.0 900.0
900.0 979.95
900.0 900.0
900.0 939.0666666666667
900.0 937.95
900.0 974.85
900.0 924.1333333333333
900.0 927.9833333333333
900.0 900.0
900.0 959.2
900.0 911.6166666666667
900.0 946.7666666666667
900.0 900.0
900.0 900.0
900.0 909.3833333333333
900.0 939.05
900.0 947.1833333333333
900.0 971.8833333333333
900.0 959.95
900.0 985.1
900.0 1008.5666666666667
900.0 945.3833333333333
900.0 1052.25
768.0 943.4333333333333
900.0 926.9333333333333
900.0 913.2833333333333
900.0 939.05
900.0 906.6333333333333
900.0 956.1666666666666
900.0 955.6666666666666
900.0 1012.9666666666667
900.0 976.0833333333334
900.0 980.1166666666667
900.0 936.5
900.0 910.2166666666667
900.0 910.9666666666667
900.0 926.6333333333333
900.0 900.0
900.0 900.0
900.0 1005.45
900.0 902.7
900.0 900.0
900.0 900.0
900.0 900.0
900.0 900.0
900.0 965.6
900.0 998.1166666666667
900.0 930.2666666666667
900.0 949.4833333333333
900.0 941.15
900.0 939.6333333333333
900.0 953.4
900.0 900.0
900.0 900.0
900.0 925.8
900.0 931.9333333333333
900.0 900.0
900.0 952.7666666666667
900.0 909.6166666666667
900.0 910.7
900.0 950.5166666666667
900.0 939.2333333333333
900.0 900.0
900.0 927.9333333333333
900.0 902.95
900.0 994.8333333333334
900.0 900.0
900.0 962.25
900.0 973.5833333333334
900.0 925.0833333333334
900.0 900.0
900.0 991.1
900.0 1109.7333333333333
900.0 988.5666666666667
900.0 944.2
900.0 975.1333333333333
900.0 999.2333333333333
900.0 965.9333333333333
900.0 900.0
900.0 922.8333333333334
900.0 900.0
900.0 900.0
900.0 908.65
900.0 900.0
900.0 916.6
900.0 923.0666666666667
900.0 918.1
900.0 900.0
900.0 955.0333333333333
900.0 951.1166666666667
900.0 900.0
900.0 930.2333333333333
900.0 974.9
900.0 900.0
900.0 968.6166666666667
900.0 930.1166666666667
900.0 900.0
900.0 916.35
768.0 924.6
900.0 894.1
900.0 900.0
900.0 948.2166666666667
900.0 908.8166666666667
900.0 961.25
900.0 1010.25
900.0 900.0
900.0 900.0
900.0 945.2
900.0 906.2833333333333
900.0 958.3666666666667
900.0 996.3
900.0 899.0333333333333
900.0 900.0
900.0 940.25
900.0 939.6666666666666
900.0 970.2666666666667
900.0 997.5
900.0 902.9
900.0 902.9
900.0 960.0666666666667
855.0 953.4666666666667
855.0 895.5
855.0 1008.35
900.0 923.75
900.0 917.55
900.0 902.5833333333334
900.0 958.0333333333333
900.0 940.0333333333333
900.0 918.3166666666667
900.0 940.65
900.0 908.45
900.0 911.8333333333334
900.0 952.8166666666667
900.0 900.0
900.0 903.6833333333333
855.0 920.2833333333333
685.0 906.8166666666667
685.0 983.4666666666667
685.0 909.4
685.0 895.0
685.0 896.55
685.0 863.7
640.0 835.5
640.0 781.8333333333334
640.0 837.3
640.0 900.45
640.0 766.4333333333333
622.0 789.9166666666666
622.0 769.4166666666666
622.0 780.7
622.0 773.85
622.0 692.65
622.0 684.3666666666667
622.0 731.3
622.0 734.0
622.0 631.8166666666667
622.0 624.8333333333334
622.0 643.2666666666667
622.0 622.7333333333333
622.0 664.0333333333333
622.0 622.0
622.0 622.0
622.0 686.2166666666667
622.0 763.6
622.0 622.0
622.0 622.0
622.0 631.6166666666667
622.0 640.75
622.0 622.0
622.0 655.0333333333333
622.0 746.05
622.0 668.0
622.0 647.0833333333334
622.0 622.0
622.0 631.4166666666666
622.0 676.95
622.0 622.0
622.0 672.3833333333333
622.0 622.0
622.0 622.0
622.0 649.3666666666667
622.0 721.7333333333333
622.0 715.5
622.0 622.0
622.0 622.0
622.0 647.2
622.0 622.0
622.0 749.3
622.0 622.0
622.0 671.4166666666666
622.0 653.0
622.0 670.7666666666667
622.0 656.45
622.0 645.7
622.0 666.7833333333333
622.0 648.3833333333333
622.0 622.0
622.0 668.8833333333333
622.0 653.9
622.0 622.0
622.0 680.0333333333333
622.0 622.0
622.0 622.0
622.0 622.0
622.0 668.6166666666667
622.0 654.3166666666667
622.0 622.0
622.0 685.3666666666667
622.0 659.8
622.0 622.0
622.0 634.95
622.0 658.6333333333333
622.0 653.0833333333334
622.0 665.6666666666666
622.0 627.75
622.0 655.9166666666666
622.0 673.0
622.0 656.7166666666667
622.0 622.0
622.0 622.0
622.0 668.6833333333333
622.0 692.7
622.0 622.0
622.0 622.0
622.0 771.0333333333333
622.0 637.2833333333333
622.0 648.15
622.0 667.05
622.0 622.0
622.0 666.7666666666667
622.0 622.0
622.0 740.9
622.0 699.4666666666667
622.0 626.6666666666666
622.0 622.0
622.0 622.0
622.0 630.7
622.0 622.0
622.0 622.0
622.0 667.8833333333333
622.0 709.0333333333333
622.0 633.0666666666667
622.0 671.5
622.0 622.0
622.0 695.7166666666667
622.0 622.0
622.0 622.0
622.0 654.6
622.0 640.2666666666667
622.0 648.3166666666667
622.0 707.15
622.0 654.9
622.0 656.0666666666667
622.0 622.0
622.0 660.4833333333333
622.0 622.0
622.0 622.0
622.0 622.0
622.0 661.4666666666667
622.0 651.0166666666667
622.0 622.0
622.0 639.0
622.0 641.3333333333334
622.0 638.05
622.0 622.0
622.0 622.0
622.0 622.0
622.0 647.4666666666667
622.0 622.0
622.0 622.0
622.0 622.0
622.0 652.7333333333333
622.0 622.0
622.0 659.25
622.0 639.2166666666667
622.0 656.7166666666667
622.0 702.3
622.0 678.3333333333334
622.0 622.0
622.0 772.8333333333334
622.0 647.4
622.0 643.7833333333333
622.0 622.0
622.0 622.0
622.0 622.0
622.0 676.65
622.0 659.9833333333333
622.0 637.6666666666666
622.0 622.0
622.0 642.0666666666667
622.0 622.0
622.0 622.0
622.0 666.6166666666667
622.0 622.0
622.0 622.0
622.0 622.0
622.0 622.0
622.0 680.3
622.0 648.9166666666666
622.0 622.0
622.0 659.25
622.0 647.5333333333333
622.0 622.0
622.0 622.0
622.0 648.2166666666667
622.0 714.7166666666667
622.0 677.2666666666667
622.0 622.0
622.0 707.4833333333333
622.0 622.0
622.0 642.4833333333333
622.0 622.0
622.0 622.0
622.0 632.9666666666667
622.0 683.8666666666667
622.0 622.0
622.0 622.0
622.0 657.0833333333334
622.0 627.4333333333333
622.0 622.0
622.0 622.0
622.0 647.1166666666667
622.0 622.0
622.0 657.1
