2.3752969121140142E-4 9.93555638582607E-5
2.554278416347382E-4 1.2611577025537993E-4
2.554278416347382E-4 1.4615194226735178E-4
2.554278416347382E-4 1.6624255597357486E-4
2.557544757033248E-4 2.016116050588157E-4
2.557544757033248E-4 2.28153172908851E-4
2.6219192448872575E-4 2.212190009184268E-4
2.6219192448872575E-4 2.2363183974974263E-4
2.6219192448872575E-4 2.3558621585717234E-4
2.6219192448872575E-4 2.4740013272748243E-4
2.6219192448872575E-4 2.5045019993804685E-4
4.424778761061947E-4 2.649880082324222E-4
4.6125461254612545E-4 2.7457490758638574E-4
5.13083632632119E-4 2.919776049579268E-4
5.13083632632119E-4 3.097177530643111E-4
6.150061500615006E-4 3.325144564417287E-4
6.188118811881188E-4 3.9717837624479523E-4
6.188118811881188E-4 4.3082984520716514E-4
5.820721769499418E-4 4.451332894685554E-4
5.707762557077625E-4 4.6410246617149993E-4
5.707762557077625E-4 4.7705850671242374E-4
6.28140703517588E-4 4.968163296947577E-4
6.28140703517588E-4 5.047984627543669E-4
7.27802037845706E-4 5.247530482587879E-4
7.27802037845706E-4 5.59931551469888E-4
7.27802037845706E-4 5.532400799769961E-4
7.27802037845706E-4 5.601018105950305E-4
7.27802037845706E-4 5.825102865747003E-4
7.27802037845706E-4 5.96255658131068E-4
7.27802037845706E-4 6.157453319148243E-4
7.27802037845706E-4 6.053945675556325E-4
7.27802037845706E-4 6.095687411715366E-4
6.28140703517588E-4 6.200899903082628E-4
6.28140703517588E-4 6.246922731436815E-4
6.28140703517588E-4 6.281407035175875E-4
6.28140703517588E-4 6.281407035175875E-4
6.28140703517588E-4 6.281407035175875E-4
6.28140703517588E-4 6.281407035175875E-4
6.28140703517588E-4 6.204006528906888E-4
6.28140703517588E-4 6.225954333068848E-4
6.28140703517588E-4 6.22850616719963E-4
6.28140703517588E-4 6.281407035175875E-4
6.28140703517588E-4 6.205728944422407E-4
6.28140703517588E-4 6.062874271819558E-4
6.28140703517588E-4 6.135386218120325E-4
6.28140703517588E-4 6.281407035175875E-4
6.28140703517588E-4 6.212388008539722E-4
6.28140703517588E-4 6.201388928679882E-4
6.28140703517588E-4 6.281407035175875E-4
6.28140703517588E-4 6.130225810061058E-4
