5888.0 10230.316666666668
5527.0 9704.166666666666
5527.0 9261.833333333334
3103.0 8816.25
3103.0 6773.216666666666
3315.0 5531.5
3018.0 4894.983333333334
3490.0 4922.5
3490.0 4268.116666666667
3490.0 4082.95
2961.0 3814.9666666666667
3148.0 3613.5833333333335
3588.0 3543.016666666667
2836.0 3414.05
2836.0 3296.3166666666666
2836.0 3398.7166666666667
2277.0 3437.9666666666667
2277.0 3473.0
2104.0 3372.45
2317.0 3232.3
2317.0 2869.3
1187.0 2673.516666666667
1435.0 2920.0
1485.0 3108.05
1485.0 3046.733333333333
1518.0 3015.95
1953.0 2910.9333333333334
2056.0 2870.7166666666667
1953.0 2799.016666666667
2317.0 2541.9333333333334
2317.0 2519.65
2191.0 2479.6666666666665
2324.0 2644.8
2275.0 2513.8333333333335
2275.0 2273.9333333333334
1758.0 2124.9
1758.0 2105.9333333333334
1742.0 2245.883333333333
1435.0 2137.7
1435.0 2076.4333333333334
1176.0 2005.1666666666667
1141.0 1965.85
1435.0 1962.15
1435.0 2106.383333333333
1107.0 2007.0666666666666
762.0 1910.45
762.0 1777.0833333333333
1107.0 1521.0833333333333
1176.0 1400.3833333333334
1107.0 1380.7833333333333
1107.0 1270.7333333333333
1107.0 1298.8166666666666
1107.0 1207.9833333333333
1107.0 1187.1333333333334
1107.0 1222.3166666666666
1107.0 1288.2333333333333
1107.0 1149.1166666666666
1107.0 1166.5
684.0 1145.35
684.0 1316.55
684.0 1144.8
684.0 1174.85
684.0 1217.7666666666667
684.0 1009.2
684.0 1051.7166666666667
556.0 1033.4166666666667
556.0 1005.6
556.0 938.95
556.0 839.0833333333334
556.0 826.8333333333334
556.0 778.8833333333333
556.0 747.4166666666666
556.0 847.0166666666667
556.0 733.55
556.0 664.5166666666667
556.0 666.3666666666667
556.0 688.4166666666666
556.0 711.5166666666667
556.0 652.85
556.0 618.2833333333333
556.0 628.4
556.0 708.0333333333333
556.0 692.75
556.0 679.05
556.0 601.2833333333333
556.0 600.9833333333333
556.0 622.7333333333333
556.0 632.1833333333333
556.0 644.8833333333333
556.0 772.7
556.0 641.15
556.0 597.65
556.0 674.0833333333334
556.0 607.55
556.0 556.0
556.0 556.0
556.0 683.0666666666667
556.0 556.0
556.0 602.5666666666667
556.0 576.1
556.0 687.2166666666667
556.0 565.5833333333334
556.0 621.6333333333333
556.0 556.0
556.0 556.0
556.0 575.2166666666667
556.0 742.8333333333334
556.0 712.25
556.0 617.0666666666667
556.0 570.6333333333333
556.0 579.35
556.0 612.2833333333333
556.0 636.0
556.0 577.5666666666667
556.0 628.15
556.0 556.0
556.0 621.1333333333333
556.0 635.35
556.0 612.0333333333333
556.0 596.05
556.0 618.0166666666667
556.0 675.35
556.0 597.0
556.0 636.1833333333333
556.0 722.3333333333334
556.0 670.0
556.0 660.55
556.0 661.2833333333333
556.0 616.6333333333333
556.0 556.0
556.0 628.0
556.0 649.4666666666667
556.0 556.0
556.0 644.7166666666667
556.0 622.2166666666667
556.0 808.1166666666667
556.0 606.1
556.0 632.15
556.0 584.95
556.0 607.45
556.0 612.4333333333333
556.0 581.6
556.0 647.9166666666666
556.0 694.05
556.0 653.6166666666667
556.0 617.4166666666666
556.0 639.5333333333333
556.0 640.3
556.0 556.0
556.0 693.9
556.0 556.0
556.0 591.0333333333333
556.0 745.7
556.0 663.3666666666667
556.0 622.8666666666667
556.0 577.8666666666667
556.0 608.1166666666667
556.0 605.7833333333333
548.0 636.6333333333333
548.0 659.55
548.0 664.8
548.0 572.15
548.0 625.5666666666667
548.0 607.9166666666666
548.0 581.1833333333333
548.0 553.4666666666667
548.0 554.1333333333333
548.0 592.2833333333333
548.0 569.1666666666666
548.0 568.2666666666667
548.0 554.9333333333333
548.0 643.9166666666666
548.0 680.0333333333333
548.0 604.4333333333333
548.0 580.1
548.0 719.0333333333333
548.0 614.95
548.0 800.8666666666667
548.0 602.45
548.0 788.0666666666667
548.0 698.3833333333333
548.0 795.2166666666667
548.0 705.05
548.0 616.1833333333333
548.0 650.6666666666666
548.0 647.0333333333333
548.0 640.6166666666667
548.0 664.6833333333333
548.0 583.4
548.0 591.2666666666667
548.0 574.95
548.0 595.7333333333333
548.0 625.5
548.0 552.0
548.0 575.0666666666667
548.0 585.3833333333333
548.0 693.6
548.0 696.5166666666667
548.0 706.15
548.0 575.5
548.0 573.3
548.0 707.5166666666667
548.0 600.45
548.0 554.5333333333333
548.0 616.4666666666667
548.0 697.65
548.0 596.6166666666667
548.0 579.2666666666667
548.0 586.4833333333333
548.0 593.9666666666667
548.0 736.1
556.0 556.0
556.0 578.05
556.0 556.0
556.0 598.3833333333333
556.0 597.8833333333333
556.0 556.0
556.0 598.4833333333333
556.0 661.6333333333333
556.0 672.6
556.0 631.0166666666667
556.0 748.55
556.0 648.9666666666667
556.0 601.0833333333334
556.0 712.2833333333333
556.0 556.0
556.0 763.5666666666667
556.0 602.0166666666667
556.0 597.1
556.0 618.6666666666666
556.0 576.5166666666667
556.0 576.5166666666667
556.0 556.0
556.0 655.1666666666666
556.0 665.7
556.0 579.55
556.0 700.1166666666667
556.0 582.3666666666667
556.0 681.8166666666667
556.0 602.3833333333333
556.0 556.0
556.0 745.5
556.0 683.2333333333333
556.0 677.2666666666667
556.0 556.0
556.0 589.45
556.0 615.8
556.0 683.8833333333333
556.0 664.7
556.0 581.5666666666667
556.0 607.25
556.0 574.3333333333334
556.0 669.3166666666667
556.0 631.0333333333333
556.0 556.0
556.0 556.0
556.0 645.4833333333333
556.0 556.0
556.0 624.7166666666667
556.0 664.1166666666667
556.0 712.15
556.0 655.6
556.0 648.7833333333333
556.0 690.2166666666667
556.0 630.7333333333333
556.0 572.9166666666666
556.0 556.0
556.0 649.2666666666667
556.0 585.4333333333333
556.0 594.9
556.0 556.0
556.0 731.75
556.0 592.6166666666667
556.0 594.5333333333333
556.0 622.3333333333334
556.0 615.6166666666667
556.0 603.7333333333333
556.0 661.1
556.0 579.1666666666666
556.0 595.7
556.0 556.0
556.0 556.0
556.0 583.4333333333333
556.0 581.75
556.0 779.7
556.0 720.75
556.0 650.05
556.0 623.65
556.0 613.05
556.0 652.5333333333333
556.0 807.2333333333333
556.0 604.0833333333334
556.0 647.1333333333333
556.0 571.1
556.0 584.9833333333333
556.0 585.0333333333333
556.0 652.4833333333333
556.0 556.0
556.0 556.0
556.0 556.0
556.0 622.15
556.0 673.6666666666666
556.0 600.3666666666667
556.0 664.4
556.0 594.5
556.0 587.2833333333333
556.0 556.0
556.0 572.35
556.0 586.95
556.0 685.65
556.0 684.6
556.0 556.0
556.0 556.0
556.0 644.5833333333334
556.0 590.0166666666667
556.0 656.8333333333334
556.0 652.5666666666667
556.0 623.3333333333334
556.0 600.8333333333334
556.0 593.65
556.0 610.45
556.0 674.8666666666667
556.0 689.9166666666666
556.0 654.4
556.0 594.6666666666666
556.0 621.8166666666667
556.0 641.6166666666667
556.0 605.25
556.0 578.7333333333333
556.0 590.3666666666667
556.0 662.9166666666666
556.0 556.0
556.0 606.3666666666667
556.0 556.0
556.0 556.0
556.0 575.1833333333333
643.0 586.9666666666667
643.0 659.9833333333333
643.0 655.5
643.0 667.5
643.0 714.7166666666667
643.0 827.25
643.0 700.8333333333334
643.0 700.25
556.0 687.7833333333333
556.0 708.2166666666667
556.0 656.4166666666666
556.0 713.8333333333334
556.0 726.3333333333334
556.0 830.05
556.0 701.6166666666667
556.0 604.2833333333333
556.0 663.4833333333333
556.0 644.4333333333333
556.0 650.1166666666667
556.0 617.6
556.0 667.5333333333333
556.0 724.1166666666667
556.0 588.9333333333333
556.0 567.5
556.0 650.5833333333334
556.0 811.2833333333333
556.0 589.3166666666667
556.0 556.0
556.0 593.8
556.0 607.5833333333334
556.0 556.0
556.0 604.05
556.0 556.0
556.0 590.7
556.0 691.1833333333333
556.0 579.1333333333333
556.0 634.0666666666667
556.0 680.0833333333334
556.0 608.9
556.0 580.5833333333334
556.0 672.0
556.0 593.4833333333333
556.0 657.8666666666667
556.0 701.2666666666667
556.0 620.2333333333333
556.0 610.4166666666666
556.0 556.0
556.0 601.7666666666667
556.0 790.7833333333333
556.0 745.6166666666667
556.0 645.4833333333333
556.0 606.6333333333333
556.0 587.45
556.0 617.6666666666666
556.0 584.95
556.0 556.0
556.0 625.3833333333333
556.0 556.0
556.0 765.6833333333333
556.0 673.7166666666667
556.0 641.4333333333333
556.0 556.0
556.0 587.05
556.0 581.5333333333333
556.0 556.0
556.0 633.6
556.0 645.4333333333333
556.0 758.6
556.0 667.8666666666667
556.0 602.8
556.0 621.4333333333333
556.0 573.0333333333333
556.0 556.0
556.0 632.4666666666667
556.0 622.2333333333333
556.0 646.35
556.0 673.8333333333334
556.0 599.3333333333334
556.0 599.8333333333334
556.0 556.0
556.0 556.0
556.0 573.7833333333333
556.0 651.0
556.0 611.6166666666667
556.0 657.2666666666667
556.0 679.9666666666667
556.0 781.6333333333333
556.0 701.05
556.0 556.0
556.0 580.6166666666667
556.0 689.2
556.0 599.7833333333333
556.0 620.0666666666667
556.0 677.8333333333334
556.0 578.3333333333334
556.0 556.0
556.0 600.2166666666667
556.0 628.3
556.0 639.15
556.0 668.5
556.0 589.8166666666667
556.0 575.8333333333334
556.0 556.0
556.0 556.0
556.0 556.0
556.0 654.6333333333333
556.0 602.7666666666667
556.0 614.2
556.0 605.4666666666667
556.0 631.2
556.0 671.6
556.0 723.9333333333333
556.0 644.6666666666666
556.0 854.7
