62.93695184978492 91.48642967400046
59.247463042615664 81.11757887047912
54.090499942621136 72.91365626371955
52.242340728221734 62.167617854750965
41.9528690670943 59.362405442685365
41.9528690670943 56.66499888333409
41.9528690670943 49.792881788948165
41.9528690670943 49.74984057161846
41.92653962728673 47.0878252000527
41.7591888436541 42.42118684734989
41.7591888436541 41.91534398039504
41.7591888436541 41.83819764736502
41.742476668660856 41.78519254459784
39.238169366471766 41.688283419095235
39.238169366471766 41.53424403876053
39.238169366471766 40.863254330355204
39.238169366471766 39.8378269186609
39.238169366471766 39.42776268637182
39.238169366471766 39.35687065653061
39.238169366471766 39.27963764854732
