-1062.936951849785 -1091.4864296740009
-1059.2474630426157 -1081.117578870479
-1054.0904999426211 -1072.9136562637195
-1052.2423407282217 -1062.167617854751
-1041.9528690670943 -1059.3624054426857
-1041.9528690670943 -1056.664998883334
-1041.9528690670943 -1049.7928817889474
-1041.9528690670943 -1049.749840571618
-1041.9265396272867 -1047.0878252000525
-1041.759188843654 -1042.4211868473503
-1041.759188843654 -1041.915343980395
-1041.759188843654 -1041.838197647365
-1041.7424766686609 -1041.785192544598
-1039.2381693664718 -1041.6882834190953
-1039.2381693664718 -1041.5342440387606
-1039.2381693664718 -1040.8632543303552
-1039.2381693664718 -1039.8378269186608
-1039.2381693664718 -1039.4277626863718
-1039.2381693664718 -1039.3568706565306
-1039.2381693664718 -1039.2796376485474
