66866.1725637261 99285.60249968008
34832.20335897819 59409.48346886306
24433.203804977224 39052.55947021991
12496.76939461417 24778.187497793268
12496.76939461417 20391.076722934344
9847.96681522663 13931.819263933712
8662.768718778783 11296.765402104718
8542.777613938104 10301.103752710931
7889.732239194476 9233.807490085523
7889.732239194476 8526.89097275879
7674.10399081388 8029.4154527330775
7483.277454033412 7747.310249560693
7278.373686664445 7628.795847850575
7273.824342354312 7423.705368111487
7273.824342354312 7325.945856893616
7218.300214800912 7274.026117535297
7200.601565235746 7249.113195798502
7200.601565235746 7229.737897129021
7180.554898216852 7206.8047219628515
7145.14588467165 7190.36500838336
