-66777.1525637261 -99196.5824996801
-34743.183358978196 -59320.46346886306
-24344.183804977223 -38963.539470219934
-12407.74939461417 -24689.16749779327
-12407.74939461417 -20302.056722934343
-9758.946815226629 -13842.799263933708
-8573.748718778783 -11207.745402104723
-8453.757613938104 -10212.08375271093
-7800.712239194476 -9144.787490085524
-7800.712239194476 -8437.870972758788
-7585.08399081388 -7940.3954527330725
-7394.257454033412 -7658.290249560694
-7189.3536866644445 -7539.775847850576
-7184.804342354311 -7334.685368111482
-7184.804342354311 -7236.925856893617
-7129.280214800911 -7185.006117535299
-7111.581565235746 -7160.093195798499
-7111.581565235746 -7140.717897129019
-7091.534898216852 -7117.784721962852
-7056.125884671649 -7101.34500838336
